16:50:41.813
-0.117654584 -0.24368763 -0.188039 16:50:41.820
-0.11587468 -0.21744251 -0.17872924 16:50:41.826
-0.08422231 -0.2610712 -0.04342389 16:50:41.831
-0.08004071 -0.31778622 0.1690712 16:50:41.835
0.06297479 -0.34810734 0.26809204 16:50:41.837
0.052995026 -0.32207394 0.38947815 16:50:41.842
0.055908903 -0.26766014 0.47193766 16:50:41.846
0.056504898 -0.19884396 0.3283919 16:50:41.849
0.056087546 -0.15705109 0.1690579 16:50:41.851
-0.012193896 -0.18346024 0.05169481 16:50:41.852
-0.039115295 -0.21013165 0.08683926 16:50:41.857
-0.06569355 -0.2778368 0.04203707 16:50:41.859
-0.10544743 -0.20930862 0.07867372 16:50:41.864
-0.10493119 -0.1679306 0.14167202 16:50:41.867
-0.10463067 -0.11279678 0.12165028 16:50:41.870
-0.05025044 -0.15278244 0.15394771 16:50:41.873
-0.07658823 -0.17993641 0.112267494 16:50:41.875
-0.034446612 -0.15280342 0.18143415 16:50:41.887
-0.005485082 -0.23469067 0.251194 16:50:41.888
-0.003554443 -0.28920937 0.33331406 16:50:41.889
-0.03007329 -0.2752266 0.27531612 16:50:41.890
-0.01730788 -0.22001743 0.1729281 16:50:41.891
-0.032676823 -0.17837048 0.083612084 16:50:41.893
-0.0766674 -0.19165039 -0.0014224052 16:50:41.894
-0.07731574 -0.24649239 -0.052476525 16:50:41.895
-0.07772008 -0.20608807 -0.07532722 16:50:41.899
-0.119383864 -0.2201662 -0.17990458 16:50:41.900
-0.07874636 -0.2205925 -0.09406757 16:50:41.903
-0.037737396 -0.22094345 0.08641589 16:50:41.907
-0.03703111 -0.19394112 0.102354884 16:50:41.908
-0.021066941 -0.26233006 0.09159297 16:50:41.908
-0.019426297 -0.22161293 0.09303653 16:50:41.910
-0.01814404 -0.22164154 0.038864493 16:50:41.912
-0.031123785 -0.18064785 -0.0032929778 16:50:41.912
-0.0042069517 -0.1804514 -0.059696138 16:50:41.922
-0.0056863036 -0.20752716 -0.33374226 16:50:41.934
-0.0064134486 -0.20783997 -0.2353698 16:50:41.943
-0.0066863485 -0.27643394 -0.16244274 16:50:41.953
-0.047296636 -0.33132744 -0.022184491 16:50:41.965
-0.033139803 -0.30434227 0.07570207 16:50:41.974
-0.07391448 -0.25 0.14518338 16:50:41.983
-0.07372345 -0.20930576 0.18769288 16:50:41.993
-0.006141098 -0.20958138 0.14956927 16:50:42.003
-0.0074561276 -0.2779894 0.17982239 16:50:42.013
-0.0090305 -0.15565681 0.08695763 16:50:42.023
-0.011264214 -0.1693821 0.060719073 16:50:42.034
-0.013734879 -0.21021843 0.14216107 16:50:42.044
-0.015535425 -0.19648075 0.19544739 16:50:42.054
-0.0055375425 -0.23723793 0.15350991 16:50:42.065
-0.034530308 -0.19635391 0.1260305 16:50:42.076
-0.02239512 -0.27809334 0.04446864 16:50:42.086
-0.024339275 -0.34623814 0.031273365 16:50:42.096
0.0150387995 -0.3188238 0.043153763 16:50:42.106
-0.012956623 -0.26410866 0.027205408 16:50:42.116
-0.01342826 -0.22308445 0.03920418 16:50:42.127
-0.027807865 -0.26390743 -0.015649915 16:50:42.142
-0.028102208 -0.27745152 0.02445954 16:50:42.147
-0.028301092 -0.20926285 0.023599148 16:50:42.158
0.010651708 -0.29059696 -0.048346817 16:50:42.169
-0.04494842 -0.24946308 0.0442999 16:50:42.178
-0.04669132 -0.24913311 0.041071296 16:50:42.187
-0.04831545 -0.18072224 -0.0028077364 16:50:42.197
-0.05053656 -0.18062496 -0.04458487 16:50:42.209
-0.052501943 -0.20790672 -0.044171453 16:50:42.219
0.013409811 -0.18070602 -0.030136585 16:50:42.229
0.011311414 -0.22155285 -0.030243516 16:50:42.239
0.035732597 -0.24882221 0.06542814 16:50:42.249
0.0060691666 -0.2080288 0.106995285 16:50:42.259
0.016901638 -0.15326595 0.1315555 16:50:42.271
-4.2231567E-4 -0.16633129 0.13986063 16:50:42.282
-0.0019768141 -0.17949009 0.16266453 16:50:42.291
-0.0025157072 -0.19254875 0.15726066 16:50:42.301
-0.003410209 -0.17821884 0.13687396 16:50:42.312
-0.016277764 -0.15040207 0.090505004 16:50:42.322
-0.015542765 -0.15024376 0.020882487 16:50:42.332
-0.0010636449 -0.20478821 0.021462202 16:50:42.343
-1.597181E-4 -0.27305508 0.14557278 16:50:42.353
-0.040454067 -0.20526981 0.16219509 16:50:42.364
-0.05389913 -0.20557785 0.13789952 16:50:42.374
-0.06744813 -0.20589828 0.16820717 16:50:42.385
-0.054419722 -0.19268131 0.15848053 16:50:42.394
-0.068386145 -0.20665741 0.16191196 16:50:42.403
-0.06844376 -0.20701504 0.0700376 16:50:42.421
-0.06811343 -0.2073555 0.1278249 16:50:42.429
9.4174035E-4 -0.20809555 0.12139869 16:50:42.441
0.001103323 -0.23553848 0.09614235 16:50:42.450
8.95964E-4 -0.18109512 0.11013061 16:50:42.459
3.7511997E-4 -0.15386009 0.08296561 16:50:42.470
-1.3258308E-5 -0.1813221 0.0987795 16:50:42.481
-0.055237763 -0.1682024 0.14459741 16:50:42.494
-0.05669541 -0.2505617 0.17820692 16:50:42.502
-0.017564114 -0.25101757 0.16919535 16:50:42.512
0.035611678 -0.2649212 0.25379848 16:50:42.522
0.034314916 -0.22461796 0.19135451 16:50:42.535
-0.021510843 -0.23823738 0.055194795 16:50:42.543
-0.023590025 -0.3198471 0.026890099 16:50:42.557
-0.023582827 -0.34726524 0.0014320612 16:50:42.565
-0.0229107 -0.30661964 -0.023649693 16:50:42.575
0.018169574 -0.25227737 -0.049474955 16:50:42.585
-0.00857011 -0.26593876 0.005382657 16:50:42.595
-0.0080875885 -0.26604652 -0.007155299 16:50:42.605
-0.0077260975 -0.28003025 0.010153949 16:50:42.616
-0.0072500426 -0.2533388 -0.03872949 16:50:42.631
-0.0070119593 -0.26697445 -0.03857249 16:50:42.639
-0.047622718 -0.28051472 -0.09388429 16:50:42.649
-0.08797135 -0.28042412 -0.122083366 16:50:42.659
-0.08721758 -0.26680946 0.0141785145 16:50:42.669
-0.045990147 -0.28055573 0.08354747 16:50:42.680
-0.046100512 -0.28070354 0.04420978 16:50:42.690
-0.04532043 -0.25366783 -0.0081912875 16:50:42.700
-0.058506988 -0.25383186 0.0207088 16:50:42.710
-0.04392704 -0.28119755 0.06284428 16:50:42.721
-0.055741034 -0.3220129 0.17127937 16:50:42.730
-0.053592112 -0.28082943 0.22238111 16:50:42.741
-0.053324983 -0.239398 0.21652323 16:50:42.751
-0.040180802 -0.2252636 0.102330625 16:50:42.766
-0.04057813 -0.2249403 0.09906745 16:50:42.774
-0.05490641 -0.27923012 0.097145796 16:50:42.784
-0.082743935 -0.27915192 0.123606324 16:50:42.794
-0.055377312 -0.25183582 0.12283838 16:50:42.805
-0.05650906 -0.22455788 0.09526217 16:50:42.815
-0.07069475 -0.26536655 0.14923066 16:50:42.824
-0.057553016 -0.22452927 0.04052514 16:50:42.837
-0.05705478 -0.2653017 -0.0012517571 16:50:42.845
-0.057684094 -0.23789692 0.010743082 16:50:42.855
-0.017553665 -0.23781013 0.023514867 16:50:42.865
-0.004711902 -0.2514677 -0.044193864 16:50:42.875
-0.006223513 -0.25151062 -0.043705165 16:50:42.886
0.0060224794 -0.25143147 -0.07169777 16:50:42.896
0.004633546 -0.21029568 -0.06077999 16:50:42.906
-0.01013864 -0.25088787 -0.008947492 16:50:42.917
0.029378004 -0.29151726 0.056889832 16:50:42.929
-0.011185082 -0.27766228 0.10900754 16:50:42.939
-0.010792756 -0.250041 0.1869421 16:50:42.947
-0.010482961 -0.22233582 0.1823405 16:50:42.958
-0.009917254 -0.16743088 0.13729674 16:50:42.969
-0.022933278 -0.23514557 0.119850874 16:50:42.978
0.017947786 -0.2621832 0.117866874 16:50:42.988
0.019039016 -0.2757187 0.06251252 16:50:42.998
-0.061063543 -0.23480225 0.0074430704 16:50:43.009
-0.0454103 -0.19396973 0.021269917 16:50:43.019
-0.108334966 -0.20776367 0.0500533 16:50:43.032
-0.063611 -0.18061638 0.078118265 16:50:43.042
-0.0604491 -0.18066025 0.051231325 16:50:43.052
-0.057982165 -0.15328503 0.09073174 16:50:43.062
-0.05560086 -0.11228466 0.1302104 16:50:43.072
-0.06742343 -0.13948917 0.12982702 16:50:43.084
-0.052247167 -0.1259079 0.13018966 16:50:43.094
-0.05056871 -0.18042278 0.10325652 16:50:43.104
-0.047972556 -0.1672697 0.09417069 16:50:43.116
-0.047103956 -0.15387726 0.09641385 16:50:43.125
-0.046515927 -0.1948824 0.09781879 16:50:43.134
-0.04582528 -0.22216702 0.09825361 16:50:43.146
-0.017828174 -0.19503021 0.07204491 16:50:43.155
-0.044609036 -0.2633257 0.073940635 16:50:43.165
-0.044310126 -0.24981117 0.22480077 16:50:43.175
-0.04391751 -0.2498436 0.12979406 16:50:43.186
0.024333868 -0.23604393 0.26420856 16:50:43.196
0.023731554 -0.23596 0.16805738 16:50:43.210
-0.044442993 -0.22242546 0.059925854 16:50:43.219
-0.03072704 -0.20899582 0.0073328614 16:50:43.229
-0.071840234 -0.27726078 -0.031918943 16:50:43.239
-0.03180402 -0.25013924 0.010128498 16:50:43.249
-0.059192237 -0.2231369 0.03975296 16:50:43.259
-0.059311733 -0.22343159 0.11077553 16:50:43.271
-0.059890702 -0.2237482 0.11393756 16:50:43.279
-0.03317403 -0.2511797 0.115852535 16:50:43.289
-0.033248484 -0.21044064 0.07620549 16:50:43.299
-0.019566579 -0.26490784 0.035218418 16:50:43.309
-0.033055995 -0.19679356 0.007845581 16:50:43.319
-0.047197957 -0.2516594 -0.097237766 16:50:43.332
-0.03401355 -0.22468376 -0.012842596 16:50:43.341
-0.034162786 -0.17046833 0.017086387 16:50:43.351
-0.033818904 -0.18431473 0.073842764 16:50:43.360
-0.03370255 -0.19815063 0.035176694 16:50:43.370
-0.03367807 -0.23914146 0.0637427 16:50:43.380
-0.020067478 -0.25280857 0.06421369 16:50:43.393
-0.033784565 -0.27996922 0.077032804 16:50:43.401
-0.03387447 -0.22534752 0.07559395 16:50:43.412
-0.033615127 -0.21146488 0.12741828 16:50:43.422
-0.020451874 -0.25207615 0.15213203 16:50:43.432
-0.034240894 -0.23844242 0.111122966 16:50:43.445
-0.061509244 -0.2523365 0.05940312 16:50:43.453
-0.06149514 -0.25267696 -0.05970043 16:50:43.463
-0.06135913 -0.28004837 -0.099221885 16:50:43.473
-0.07494346 -0.2664919 -0.04409957 16:50:43.483
-0.07503289 -0.2528658 -0.044163406 16:50:43.494
-0.034171116 -0.21197319 -0.058103085 16:50:43.504
-0.03454393 -0.22554398 0.023122668 16:50:43.514
-0.02080277 -0.2528801 0.119441986 16:50:43.524
-0.020664932 -0.29402924 -0.0955534 16:50:43.534
-0.020717613 -0.25339222 -0.106887996 16:50:43.544
-0.021095507 -0.21254444 -0.10672653 16:50:43.555
-0.022898098 -0.23981857 -0.16085845 16:50:43.565
-0.024301644 -0.25368023 -0.21283948 16:50:43.575
-0.025229683 -0.2403183 -0.1692999 16:50:43.586
-0.026166087 -0.25407124 -0.113444686 16:50:43.595
0.013951517 -0.21331406 -0.11235231 16:50:43.605
0.014332296 -0.19971561 -0.016792238 16:50:43.615
0.016547415 -0.21328163 0.17330444 16:50:43.637
0.017656472 -0.22673988 0.18523198 16:50:43.646
0.005585473 -0.19915485 0.14080715 16:50:43.658
0.00753774 -0.18505955 0.13591754 16:50:43.667
0.022837274 -0.18461227 0.1313476 16:50:43.677
0.025671875 -0.22523308 0.047170162 16:50:43.687
0.05658198 -0.23911285 0.022570789 16:50:43.698
0.032119956 -0.21216583 -0.028909624 16:50:43.708
0.03520912 -0.185112 -0.026959002 16:50:43.718
0.038351033 -0.18525124 0.06982809 16:50:43.728
-0.012849328 -0.18544483 0.11272395 16:50:43.738
-0.009778103 -0.15833092 0.114079654 16:50:43.751
-0.0071283206 -0.18566704 0.08787739 16:50:43.759
-0.005168272 -0.19941616 0.048379183 16:50:43.769
-0.016947925 -0.18588829 0.022144377 16:50:43.779
0.011625116 -0.18588257 0.0357365 16:50:43.791
0.012107202 -0.18585587 -0.01899743 16:50:43.800
-5.753916E-4 -0.15860844 -0.046286702 16:50:43.810
-0.02734288 -0.14504623 -0.045685112 16:50:43.820
-0.013654472 -0.18605995 -0.04410559 16:50:43.830
-0.027095407 -0.21351242 -0.0691396 16:50:43.840
-0.026292056 -0.21366882 -0.026634216 16:50:43.850
0.0010946244 -0.15929317 -0.011905551 16:50:43.860
0.0015577115 -0.18664551 0.08461529 16:50:43.876
-0.024843391 -0.22764206 -0.0365237 16:50:43.887
-0.024663432 -0.2278738 -0.034095585 16:50:43.895
-0.03784645 -0.24176025 0.050423503 16:50:43.906
-0.024079457 -0.22841167 0.039657235 16:50:43.916
0.0038786288 -0.29692745 0.057670474 16:50:43.932
-0.022325963 -0.28324127 0.09787375 16:50:43.941
-0.03479886 -0.28313065 0.042259216 16:50:43.951
-0.08744872 -0.2830639 7.6800585E-4 16:50:43.960
-0.112063095 -0.25616837 0.0045179725 16:50:43.970
-0.068782344 -0.2159996 0.0119895935 16:50:43.981
-0.079145804 -0.25751972 0.07369286 16:50:43.991
-0.062237635 -0.28526592 0.12017763 16:50:44.001
-0.046047147 -0.2583418 0.123748004 16:50:44.012
-0.057700027 -0.29941463 0.05805534 16:50:44.022
-0.042715296 -0.27222824 0.031485736 16:50:44.032
-0.0024488233 -0.21771431 -0.009761214 16:50:44.043
0.009405792 -0.24490261 -0.13300848 16:50:44.054
-0.032505672 -0.25859642 -0.15951157 16:50:44.063
-0.033501443 -0.2587881 -0.15747797 16:50:44.072
-0.03457039 -0.24547958 -0.15412182 16:50:44.082
-0.009500165 -0.24577332 -0.055655777 16:50:44.092
0.029746063 -0.21874905 -0.053346217 16:50:44.103
-0.09004565 -0.13693237 -0.027000666 16:50:44.115
-0.007854041 -0.19138622 0.04081726 16:50:44.125
-0.05073169 -0.16445923 0.030559242 16:50:44.135
-0.05051936 -0.16459846 -0.022367358 16:50:44.145
-0.05040516 -0.10987091 0.08386713 16:50:44.156
-0.091706716 -0.055235863 0.08214182 16:50:44.167
-0.0926269 -0.082458496 0.1363694 16:50:44.178
-0.066402644 -0.05528927 0.123497546 16:50:44.187
-0.12260458 -0.10985756 0.24696058 16:50:44.199
-0.08449765 -0.06914806 0.27575755 16:50:44.208
-0.08845918 -0.12385368 0.1282574 16:50:44.218
-0.06688272 -0.13764095 0.08905023 16:50:44.232
-0.06369953 -0.21975613 -0.0021826029 16:50:44.240
-0.08457759 -0.28814793 -0.05353403 16:50:44.250
-0.09681934 -0.28858757 -0.13037449 16:50:44.260
-0.09207324 -0.28898716 -0.1394208 16:50:44.270
-0.048119232 -0.3029766 -0.107786596 16:50:44.280
-0.059534065 -0.3305521 -0.021886706 16:50:44.292
-0.07299513 -0.33073044 0.008018911 16:50:44.300
-0.08837171 -0.34433174 0.0496189 16:50:44.310
-0.10426494 -0.3986864 0.07671523 16:50:44.321
-0.11906087 -0.45289612 0.07504904 16:50:44.330
-0.066097215 -0.45249462 0.0040972233 16:50:44.340
-0.07185545 -0.45122528 -0.10091221 16:50:44.354
-0.07315729 -0.38240623 -0.038364887 16:50:44.364
-0.08632364 -0.34100723 -0.09643316 16:50:44.374
-0.044769034 -0.35429478 -0.15207088 16:50:44.384
-0.042684987 -0.3268242 -0.11130446 16:50:44.394
-0.02567792 -0.35378647 -0.016754508 16:50:44.405
-0.007956788 -0.33965302 0.007014692 16:50:44.416
-0.030263856 -0.29803658 0.014413357 16:50:44.425
-0.0114896 -0.21546173 -0.033682346 16:50:44.436
0.016185299 -0.20086765 -0.027195811 16:50:44.447
0.034938455 -0.24120426 0.037542522 16:50:44.456
0.023191482 -0.21327686 0.03346765 16:50:44.472
0.0027999282 -0.21280098 0.057574153 16:50:44.479
-0.0029838085 -0.18510723 0.013593793 16:50:44.489
0.006480694 -0.21197128 -0.05727285 16:50:44.499
-0.010222375 -0.23881721 -0.019670725 16:50:44.510
-0.0129522085 -0.184062 -0.08982986 16:50:44.519
-0.028129399 -0.17033958 -0.06318426 16:50:44.530
-0.042572096 -0.17037392 -0.10343248 16:50:44.541
-5.0616264E-4 -0.18410683 0.04722339 16:50:44.551
-0.05205892 -0.18432617 0.035010517 16:50:44.560
-0.020976186 -0.1846857 0.037673473 16:50:44.570
-0.05598183 -0.2124281 0.08211261 16:50:44.580
-0.049849108 -0.15856552 0.018828273 16:50:44.596
-0.002679646 -0.21364498 0.023406804 16:50:44.604
0.017831564 -0.21418 4.5895576E-6 16:50:44.614
0.03176193 -0.13319302 0.072268546 16:50:44.625
0.055823848 -0.10647869 0.07527119 16:50:44.635
0.07226685 -0.16193295 1.2505054E-4 16:50:44.645
0.04221937 -0.1626873 -0.04855889 16:50:44.659
0.03956659 -0.19057083 -0.016632497 16:50:44.668
0.09081848 -0.21820354 0.012776971 16:50:44.678
0.07354154 -0.20469093 0.14816052 16:50:44.688
0.095473245 -0.17747116 0.119573 16:50:44.699
0.025001407 -0.19131279 0.092758596 16:50:44.713
0.06119007 -0.20530224 -0.054433048 16:50:44.719
0.052919343 -0.19216347 -0.06351745 16:50:44.729
0.031701967 -0.19277859 -0.030276597 16:50:44.739
0.05186023 -0.22062016 -0.024398983 16:50:44.749
0.0708432 -0.19382572 0.020808876 16:50:44.760
0.07596419 -0.22134781 0.05057186 16:50:44.774
0.12138045 -0.24866962 0.06451684 16:50:44.781
0.11213127 -0.24869156 0.064219356 16:50:44.792
0.101895705 -0.24853325 0.03474158 16:50:44.802
0.106835164 -0.22149563 -0.004373014 16:50:44.812
0.14006144 -0.263237 -0.022102237 16:50:44.823
0.15755285 -0.2911806 -6.5743923E-4 16:50:44.838
0.20144874 -0.2781477 -0.0076737404 16:50:44.844
0.17751148 -0.34664154 0.13285929 16:50:44.859
0.20679237 -0.3606186 0.08243811 16:50:44.865
0.27599046 -0.30631256 0.12530458 16:50:44.876
0.30293307 -0.33366013 0.017634213 16:50:44.885
0.31491438 -0.33368397 -0.009154975 16:50:44.895
0.30334494 -0.33385944 0.006364882 16:50:44.908
0.33013397 -0.27954102 0.008396149 16:50:44.917
0.30317432 -0.2934227 -0.015723228 16:50:44.926
0.30544353 -0.26653767 -0.038846314 16:50:44.937
0.28107944 -0.29413795 -0.0619756 16:50:44.947
0.29844123 -0.335207 -0.10060018 16:50:44.957
0.29024315 -0.3352394 -0.10066426 16:50:44.967
0.25688797 -0.33518124 -0.088332295 16:50:44.977
0.21221155 -0.33517075 -0.08908546 16:50:44.987
0.20962915 -0.321496 -0.049449444 16:50:45.013
0.15353748 -0.239604 0.056697845 16:50:45.014
0.13897642 -0.21245575 0.07140541 16:50:45.031
0.12484402 -0.29433632 0.0053780675 16:50:45.032
0.08317933 -0.25358486 -0.07463747 16:50:45.046
0.09496567 -0.2535057 -0.020626962 16:50:45.055
0.038281616 -0.26689148 -0.009214342 16:50:45.063
-0.034320287 -0.21193027 -0.06775123 16:50:45.079
-0.06352597 -0.19845104 -0.064858675 16:50:45.089
-0.11893674 -0.18500328 0.0068425536 16:50:45.099
-0.16084856 -0.14425087 0.06430733 16:50:45.110
-0.122020535 -0.171484 0.10678452 16:50:45.120
-0.111828074 -0.19858932 0.12038416 16:50:45.130
-0.099073514 -0.22564411 0.07949364 16:50:45.141
-0.10253738 -0.17082882 0.06370103 16:50:45.151
-0.12447657 -0.1570406 0.008213341 16:50:45.160
-0.12008743 -0.17063618 -0.0593037 16:50:45.170
-0.17051852 -0.170825 -0.06972754 16:50:45.180
-0.18074283 -0.19837952 -0.03786385 16:50:45.191
-0.096451044 -0.19864178 0.11580229 16:50:45.201
-0.13534863 -0.17154312 0.18612665 16:50:45.211
-0.14800248 -0.2262373 0.08004165 16:50:45.221
-0.15978049 -0.2672634 0.082544506 16:50:45.231
-0.18450405 -0.2265253 0.09831363 16:50:45.241
-0.15524974 -0.1993618 0.058906496 16:50:45.253
-0.16979422 -0.19959545 0.02079606 16:50:45.263
-0.15695633 -0.17254162 -0.031518757 16:50:45.273
-0.17240871 -0.18663788 -0.03948933 16:50:45.283
-0.21587928 -0.22812462 -0.018413842 16:50:45.293
-0.23257658 -0.25604343 -0.010288596 16:50:45.303
-0.23721941 -0.24300575 -0.030942261 16:50:45.313
-0.21578966 -0.27070332 -0.06707138 16:50:45.323
-0.24959517 -0.32555485 -0.063592315 16:50:45.333
-0.22951566 -0.31217575 -0.08912051 16:50:45.343
-0.23570798 -0.32588005 -0.15736586 16:50:45.353
-0.21358784 -0.31218147 -0.15941328 16:50:45.363
-0.2794101 -0.35257244 -0.017925382 16:50:45.376
-0.16109514 -0.2571497 -0.087813675 16:50:45.385
-0.16554727 -0.25715256 -0.08849692 16:50:45.395
-0.26472858 -0.2709093 -0.16904658 16:50:45.405
-0.24080947 -0.29825783 -0.12728101 16:50:45.415
-0.21617308 -0.20291042 -0.07324225 16:50:45.431
-0.24611415 -0.21643448 -0.04767579 16:50:45.440
-0.19524193 -0.18907547 -0.10423964 16:50:45.448
-0.21219647 -0.17526054 -0.080010355 16:50:45.459
-0.20188463 -0.17496777 -0.057006538 16:50:45.469
-0.2511512 -0.1469326 -0.095559895 16:50:45.481
-0.23096415 -0.20108795 -0.086879015 16:50:45.498
-0.23129348 -0.22860527 -0.056161284 16:50:45.509
-0.21580604 -0.2561512 -0.038433194 16:50:45.520
-0.23947789 -0.20196438 -0.020600617 16:50:45.531
-0.16708353 -0.2294035 0.050593972 16:50:45.540
-0.16108583 -0.21599579 0.013247311 16:50:45.554
-0.17440113 -0.24353218 0.11441898 16:50:45.566
-0.16662389 -0.2025652 0.086992145 16:50:45.573
-0.1601837 -0.17507458 0.016661346 16:50:45.584
-0.15375133 -0.18854427 -0.16125262 16:50:45.596
-0.14766254 -0.21583366 -0.22762066 16:50:45.604
-0.14131862 -0.27063847 -0.2630068 16:50:45.615
-0.13479221 -0.29837608 -0.26871696 16:50:45.625
-0.12820837 -0.31246853 -0.1656341 16:50:45.634
-0.1213405 -0.3402033 -0.13013482 16:50:45.644
-0.1543863 -0.29983997 -0.10783619 16:50:45.655
-0.13822295 -0.23180771 -0.0891211 16:50:45.666
-0.12901877 -0.19047165 0.0021765232 16:50:45.676
-0.106125504 -0.17628956 0.024307847 16:50:45.686
-0.12416673 -0.18935585 0.033055365 16:50:45.697
-0.116112605 -0.20227337 0.107718706 16:50:45.710
-0.10346019 -0.20114994 0.0013038516 16:50:45.723
-0.11177786 -0.17375278 9.3382597E-4 16:50:45.732
-0.10711755 -0.20118523 -0.022189498 16:50:45.741
-0.07638076 -0.20142937 -0.01770997 16:50:45.751
-0.10075414 -0.21524906 -0.054888308 16:50:45.761
-0.09878501 -0.24275684 -0.05054772 16:50:45.772
-0.097684324 -0.22944355 -0.005122781 16:50:45.782
-0.083682954 -0.2023077 0.05094862 16:50:45.794
-0.097099096 -0.20241642 0.05252695 16:50:45.803
-0.1112614 -0.18865299 0.023127854 16:50:45.813
-0.08636218 -0.2566023 0.006559789 16:50:45.823
-0.06264612 -0.2973776 -0.02307731 16:50:45.833
-0.0590066 -0.24264908 -0.016209483 16:50:45.845
-0.07835069 -0.2015276 -0.021594346 16:50:45.854
0.008601874 -0.25587177 -0.08053559 16:50:45.866
-0.0011784136 -0.25593853 -0.06897855 16:50:45.876
-0.05256565 -0.25608635 -0.0155738 16:50:45.884
-0.06362878 -0.26982117 -0.030682385 16:50:45.898
-0.06497763 -0.26982594 -0.10252172 16:50:45.909
-0.051584333 -0.22910118 -0.035841107 16:50:45.921
-0.0016349256 -0.27064133 -0.01711005 16:50:45.938
-0.1044748 -0.25743294 0.01411581 16:50:45.948
-0.08611493 -0.25722313 0.023305953 16:50:45.958
-0.04221715 -0.21609974 -0.009181678 16:50:45.968
-0.011474647 -0.27074528 -0.076702 16:50:45.983
6.1859936E-4 -0.32575893 0.023535132 16:50:45.994
-0.027153209 -0.2986431 0.050740242 16:50:46.004
-0.02299872 -0.2032013 -0.03329146 16:50:46.013
-0.0062024444 -0.18962097 -0.10179907 16:50:46.023
0.06275596 -0.25789642 -0.12772256 16:50:46.034
0.050832033 -0.2986374 -0.021034598 16:50:46.044
-0.055628665 -0.29804802 0.011630237 16:50:46.054
-0.065750174 -0.22919369 0.0016316772 16:50:46.065
-0.07422289 -0.26943493 -0.033667147 16:50:46.074
-0.08258199 -0.25522423 -0.041172862 16:50:46.084
-0.037382808 -0.26823044 -0.04879701 16:50:46.097
-0.03946005 -0.25446892 -0.050518334 16:50:46.105
-0.044593833 -0.22720528 -0.03708273 16:50:46.115
0.034169 -0.26818848 0.0053726435 16:50:46.125
0.0063222647 -0.25463676 -0.021011055 16:50:46.135
-0.007069207 -0.2954569 0.060196936 16:50:46.146
-0.005125013 -0.24081326 0.044513464 16:50:46.161
-0.0031316476 -0.2403984 0.039322734 16:50:46.169
-2.3395382E-4 -0.23974514 0.031252027 16:50:46.179
0.021473948 -0.2246933 -0.06787616 16:50:46.195
0.012625674 -0.26509 -0.11429596 16:50:46.203
0.043943338 -0.23745632 -0.06446105 16:50:46.218
0.034677275 -0.2644949 -0.025965273 16:50:46.226
0.038703535 -0.250782 -0.02701205 16:50:46.236
0.04453023 -0.22359467 -0.080770016 16:50:46.247
0.04805077 -0.23728466 -0.066229165 16:50:46.257
0.05555424 -0.22358322 -0.0805819 16:50:46.268
0.06082966 -0.22355556 -0.09432775 16:50:46.281
0.06744481 -0.22359562 -0.0935868 16:50:46.289
0.08799021 -0.25076485 -0.066818774 16:50:46.299
0.080901414 -0.20984364 -0.12160516 16:50:46.309
0.08801837 -0.2096262 -0.028333962 16:50:46.320
0.109218866 -0.19582558 0.06549275 16:50:46.332
0.15103686 -0.16867924 0.13602436 16:50:46.343
0.15691766 -0.16844273 0.20194858 16:50:46.353
0.1635675 -0.16789913 0.14183491 16:50:46.363
0.12981443 -0.12654114 0.041589677 16:50:46.374
0.08374997 -0.1533022 -0.0037660003 16:50:46.384
0.09269564 -0.15287113 0.0061219335 16:50:46.396
0.10738124 -0.20673847 -0.094050884 16:50:46.407
0.12271866 -0.24663448 -0.12970924 16:50:46.418
0.105870396 -0.19143009 -0.10875249 16:50:46.428
0.19826566 -0.1769619 -0.07531971 16:50:46.437
0.09145173 -0.17553234 0.021052003 16:50:46.447
0.15702352 -0.20175648 0.012359679 16:50:46.459
0.09125284 -0.15935516 0.013020635 16:50:46.473
0.08329275 -0.21310234 0.047383726 16:50:46.480
0.11871127 -0.22386265 0.07730842 16:50:46.495
0.12674755 -0.24990845 -0.028246343 16:50:46.501
0.06706171 -0.20761585 -0.081424 16:50:46.512
0.08752559 -0.17897606 -0.16170871 16:50:46.525
0.10638924 -0.17769146 -0.13214046 16:50:46.536
0.098438576 -0.20390987 -0.16787207 16:50:46.546
0.15998358 -0.25716686 -0.15056413 16:50:46.557
0.09656815 -0.20162678 -0.10495138 16:50:46.567
0.12529199 -0.13280678 -0.08415133 16:50:46.579
0.12660034 -0.13228035 -0.08876985 16:50:46.587
0.114022866 -0.10470772 -0.07799339 16:50:46.598
0.08756925 -0.13186646 -0.06492305 16:50:46.608
0.07532038 -0.14557457 -0.036472738 16:50:46.618
0.07674344 -0.10492611 -0.034053624 16:50:46.628
0.037280798 -0.14595795 -0.004778862 16:50:46.639
0.051185533 -0.11898899 -0.04298097 16:50:46.649
0.05114411 -0.1198349 -0.03491944 16:50:46.659
0.036856085 -0.12060642 -0.014046371 16:50:46.669
0.021324575 -0.10836887 -0.042007565 16:50:46.679
0.004985094 -0.12282848 -0.007321298 16:50:46.689
0.041935965 -0.10986996 -0.015532017 16:50:46.699
0.03583531 -0.17846394 0.028444707 16:50:46.709
0.055180088 -0.16517925 0.1112777 16:50:46.719
0.046344504 -0.11110115 0.072012305 16:50:46.729
0.06301923 -0.13898468 -0.006077945 16:50:46.742
-0.015527144 -0.19522 -0.14423466 16:50:46.766
-0.0013822615 -0.30519485 -0.15060651 16:50:46.769
-0.014276385 -0.36065578 -0.08890712 16:50:46.779
-0.013046652 -0.3206663 -0.055241227 16:50:46.789
0.0090186745 -0.2944603 -0.061735988 16:50:46.800
0.016051099 -0.2543373 0.024196804 16:50:46.810
-0.011736378 -0.2547598 -8.1187487E-4 16:50:46.820
0.0014577135 -0.28233337 0.014321625 16:50:46.830
-0.03997039 -0.28257942 0.04236865 16:50:46.840
-0.02772969 -0.24195671 0.015986443 16:50:46.850
-0.016781121 -0.22859478 0.0035725832 16:50:46.860
-0.03318613 -0.25612354 0.018991709 16:50:46.870
-0.023867536 -0.24300385 -0.058460593 16:50:46.880
-0.0015628319 -0.25741768 -0.13239086 16:50:46.890
-0.006161958 -0.3263855 -0.0688867 16:50:46.900
-0.025309507 -0.3271675 -0.033085465 16:50:46.910
0.009469807 -0.3276453 0.027137458 16:50:46.921
-0.0064723343 -0.32781792 0.044204593 16:50:46.932
0.0045666248 -0.24561691 0.06872046 16:50:46.942
0.025270686 -0.27221394 0.050305724 16:50:46.951
0.01786457 -0.28515816 -0.022339165 16:50:46.961
0.023490965 -0.25730228 -0.12095904 16:50:46.971
0.057481676 -0.25676537 -0.19115496 16:50:46.981
0.051470235 -0.25621986 -0.20666939 16:50:46.992
0.018126264 -0.20132446 -0.20669919 16:50:47.002
0.012065649 -0.21463585 -0.16431749 16:50:47.012
0.04684505 -0.21436691 -0.12104398 16:50:47.022
0.001114577 -0.28200722 0.042768896 16:50:47.032
-0.0026560426 -0.28143597 0.0011302233 16:50:47.042
-0.03290057 -0.2804966 -0.017208278 16:50:47.052
-0.042984635 -0.29203606 -0.08573109 16:50:47.063
-0.024809748 -0.3166895 -0.036553025 16:50:47.073
0.0012857616 -0.27382278 -0.05168146 16:50:47.082
0.029148936 -0.20379734 -0.13430727 16:50:47.092
0.01715079 -0.20243835 -0.23855668 16:50:47.102
0.019798845 -0.20168304 -0.26887125 16:50:47.113
0.038157552 -0.17411995 -0.22752428 16:50:47.123
-0.0102902055 -0.17406845 -0.17033643 16:50:47.133
-0.016687065 -0.20162582 -0.1643691 16:50:47.143
-0.021286696 -0.27023697 -0.1299327 16:50:47.153
-0.024417311 -0.20253277 -0.04277116 16:50:47.163
3.7574768E-4 -0.21621323 0.04068744 16:50:47.175
-0.013636321 -0.22978783 -0.014084458 16:50:47.184
0.015912354 -0.24319172 0.037139177 16:50:47.194
0.019661665 -0.27014923 -0.021910906 16:50:47.204
-0.01698479 -0.24268246 -0.026056945 16:50:47.214
-0.038911045 -0.24257946 -0.07028264 16:50:47.224
-0.03260091 -0.22901249 -0.058849692 16:50:47.241
-0.03854224 -0.20215416 -0.11273515 16:50:47.248
-0.0029056966 -0.20281029 -0.08236921 16:50:47.258
0.004002452 -0.24551964 -0.058293223 16:50:47.270
0.015118778 -0.25999165 -0.026682675 16:50:47.279
-0.0016644895 -0.20609951 0.002629757 16:50:47.289
0.00931102 -0.23380089 0.016922355 16:50:47.300
0.02076301 -0.22045708 -0.052420855 16:50:47.310
0.006087899 -0.26140785 -0.04218304 16:50:47.320
0.0062842667 -0.2479353 -0.045218468 16:50:47.330
0.062488407 -0.19385147 -0.045965135 16:50:47.340
0.037795782 -0.18106174 -0.11037147 16:50:47.350
0.014700681 -0.22298431 -0.09085822 16:50:47.360
0.04625526 -0.25139523 -0.1243664 16:50:47.370
0.063412875 -0.22527885 -0.11690086 16:50:47.380
0.05771622 -0.25423813 -0.06573826 16:50:47.392
0.076453805 -0.25501442 -0.06113231 16:50:47.401
0.027260765 -0.25561428 -0.017171383 16:50:47.411
0.031382263 -0.0652771 -0.043450356 16:50:47.422
0.07547013 -0.17431355 -0.03129655 16:50:47.432
0.051039413 -0.21513844 -0.019997895 16:50:47.442
0.040657416 -0.21498394 0.017578304 16:50:47.452
0.016604155 -0.26948452 0.043676913 16:50:47.462
0.0202652 -0.28312492 0.0019740462 16:50:47.472
-0.016013231 -0.31025982 -0.0135118365 16:50:47.484
0.0018640775 -0.28265762 -0.004105091 16:50:47.492
0.021721164 -0.25510693 -0.021007895 16:50:47.502
0.05126845 -0.26830673 -0.03829366 16:50:47.513
0.012108367 -0.26761818 -0.05745715 16:50:47.523
0.032061387 -0.25339413 -0.075696826 16:50:47.532
-0.04304622 -0.19824123 -0.13502699 16:50:47.543
0.030287184 -0.21128082 -0.1250304 16:50:47.553
0.02173584 -0.22452259 -0.09901911 16:50:47.563
0.013703257 -0.21044254 -0.05975741 16:50:47.573
0.031605124 -0.182621 -0.076067865 16:50:47.583
0.0211104 -0.18212128 -0.1050747 16:50:47.593
0.024681062 -0.20897484 -0.10530138 16:50:47.604
0.028608054 -0.24952888 -0.13158399 16:50:47.615
0.03286077 -0.18118095 -0.14319283 16:50:47.624
0.025679573 -0.15364552 -0.15436023 16:50:47.634
0.122385755 -0.13909721 -0.14167625 16:50:47.644
0.03881526 -0.15160942 -0.14466959 16:50:47.661
0.083975196 -0.17810726 -0.10512346 16:50:47.666
0.11570491 -0.1363306 -0.10778707 16:50:47.676
0.094201565 -0.107611656 -0.019898832 16:50:47.686
0.056666344 -0.16044521 -0.01596886 16:50:47.696
0.085419595 -0.1453228 -0.05185008 16:50:47.707
0.09806806 -0.14403915 -0.04548216 16:50:47.717
0.014982462 -0.142869 -0.13331348 16:50:47.727
0.046346128 -0.21012211 -0.079175055 16:50:47.738
0.07800144 -0.21003532 -0.058044255 16:50:47.748
0.020565063 -0.16929531 -0.06535137 16:50:47.757
0.05760327 -0.16947937 -0.01783806 16:50:47.767
0.06819013 -0.14237022 -0.038393676 16:50:47.778
0.13192585 -0.12878895 -0.005929351 16:50:47.788
0.14035103 -0.12893581 -0.040809333 16:50:47.798
0.07997584 -0.16992283 -0.0080987215 16:50:47.808
0.12747076 -0.18368626 -0.0301978 16:50:47.818
0.119659066 -0.17022133 -0.06618959 16:50:47.828
0.1391795 -0.1706047 -0.09972948 16:50:47.839
0.117890745 -0.1576128 -0.10333669 16:50:47.849
0.1106326 -0.1720953 -0.17216963 16:50:47.859
0.13388327 -0.17336082 -0.084566236 16:50:47.869
0.15591216 -0.09259224 -0.027911603 16:50:47.879
0.18662679 -0.07949734 -0.033445597 16:50:47.889
0.18893135 -0.107307434 -0.039173245 16:50:47.901
0.13740295 -0.12159252 -0.029689968 16:50:47.909
0.12707087 -0.13596535 -0.04608816 16:50:47.919
0.089383125 -0.15033817 -0.04879129 16:50:47.929
0.09151912 -0.15088558 -0.08172035 16:50:47.940
0.119796515 -0.11047268 -0.0893113 16:50:47.950
0.13353667 -0.12475109 -0.08140695 16:50:47.960
0.11964959 -0.1527729 -0.08584094 16:50:47.972
0.104136795 -0.1812048 -0.031891525 16:50:47.982
0.08767003 -0.19618416 -0.04444039 16:50:47.992
0.09904912 -0.21090126 -0.03230661 16:50:48.002
0.0835138 -0.2528715 -0.019583166 16:50:48.012
0.08015996 -0.22682476 0.06146401 16:50:48.022
0.08909479 -0.16001034 0.10209274 16:50:48.032
0.13759366 -0.16135311 0.08823079 16:50:48.042
0.07582775 -0.2036705 0.03433746 16:50:48.053
0.054127216 -0.23252392 0.009662867 16:50:48.307
0.03258145 -0.24766636 0.03872764 16:50:48.308
0.011083841 -0.2626133 0.05178988 16:50:48.309
0.0024244785 -0.2229042 0.02106446 16:50:48.310
0.0019202232 -0.19716549 0.032357812 16:50:48.311
4.1770935E-4 -0.26658058 0.026819587 16:50:48.312
0.0034914017 -0.2947569 0.046675384 16:50:48.312
0.0067952275 -0.26857567 0.02803278 16:50:48.313
-0.00307253 -0.26961327 0.064201355 16:50:48.314
0.013733566 -0.21626282 0.07451433 16:50:48.316
0.0031347275 -0.20439053 0.04104501 16:50:48.316
-0.07482654 -0.20613194 0.063560605 16:50:48.318
-0.03207788 -0.2755499 0.03699875 16:50:48.319
-0.0060587227 -0.33124542 0.047542036 16:50:48.321
-0.048108995 -0.27780628 0.028265297 16:50:48.322
-0.07543996 -0.2105627 0.0068590045 16:50:48.323
0.018182188 -0.22509766 -0.068727165 16:50:48.324
0.016754359 -0.29411316 0.006286472 16:50:48.325
-0.11796951 -0.28199482 0.08621177 16:50:48.326
-0.11616507 -0.3096981 0.1148642 16:50:48.327
-0.12795013 -0.29653072 0.07552272 16:50:48.328
-0.126858 -0.2698803 0.03882119 16:50:48.329
-0.1392399 -0.22977352 0.033231825 16:50:48.329
-0.17969176 -0.21700478 0.07052338 16:50:48.330
-0.16543481 -0.2586851 0.053384602 16:50:48.331
-0.12509228 -0.21861649 0.008397043 16:50:48.332
-0.085632086 -0.27394104 -0.021604925 16:50:48.333
-0.15493228 -0.30195808 -0.01140523 16:50:48.336
-0.15554796 -0.28892803 -0.0045515597 16:50:48.346
-0.16927919 -0.33013916 0.011011839 16:50:48.356
-0.20192945 -0.31669617 -0.006516874 16:50:48.366
-0.20525497 -0.289361 0.13476357 16:50:48.376
-0.22855821 -0.27572536 0.13113973 16:50:48.387
-0.2777002 -0.2893238 0.26420432 16:50:48.397
-0.24558637 -0.19398403 0.19363844 16:50:48.407
-0.20230287 -0.3710327 0.19023937 16:50:48.417
-0.22904274 -0.3846016 0.117878914 16:50:48.427
-0.25015205 -0.3028183 0.10134336 16:50:48.437
-0.22929165 -0.37092113 0.059245884 16:50:48.448
-0.1963557 -0.42544842 0.03159398 16:50:48.458
-0.16102713 -0.35738182 0.03145075 16:50:48.468
-0.15031305 -0.31662464 0.03326294 16:50:48.478
-0.19512269 -0.28953552 0.06329182 16:50:48.489
-0.19387677 -0.28965855 0.09346381 16:50:48.499
-0.17666219 -0.27614307 0.12361267 16:50:48.508
-0.14546268 -0.24902153 0.14052811 16:50:48.518
-0.14131959 -0.30353737 0.18293336 16:50:48.528
-0.1770961 -0.35796452 0.14177597 16:50:48.538
-0.08982134 -0.3578472 0.12656537 16:50:48.549
-0.12377173 -0.38491058 0.096763134 16:50:48.559
-0.18266886 -0.37107658 -0.04217142 16:50:48.572
-0.14255649 -0.31595802 -0.039438695 16:50:48.582
-0.088177696 -0.27440453 -0.037097424 16:50:48.593
-0.092325 -0.30128002 -0.05570987 16:50:48.602
-0.06977323 -0.28733826 -0.0052340627 16:50:48.612
-0.048463568 -0.31420326 -0.010574102 16:50:48.624
-0.014255077 -0.36820412 0.06360358 16:50:48.634
-0.0070163608 -0.35402775 0.08211294 16:50:48.644
0.0012583435 -0.3671589 0.102578044 16:50:48.654
-0.003724441 -0.35317898 0.0033473969 16:50:48.664
-0.021715373 -0.2846508 -0.0014097095 16:50:48.674
-0.0014350861 -0.29753876 -0.0073143244 16:50:48.686
-0.023393974 -0.28370953 0.031832278 16:50:48.695
-0.035447195 -0.25586128 0.095148385 16:50:48.705
-0.01151903 -0.2280283 0.14328128 16:50:48.715
-0.01625368 -0.25449085 0.10585463 16:50:48.725
-0.048715502 -0.22638512 0.09423143 16:50:48.735
-0.041124254 -0.18470478 0.056166828 16:50:48.745
-0.046511382 -0.23845387 0.033805072 16:50:48.755
-0.06522143 -0.23775291 -0.028467774 16:50:48.765
-0.056492627 -0.18254852 -0.009028137 16:50:48.775
-0.034303695 -0.14109135 -0.028194547 16:50:48.786
0.0015074015 -0.16784859 0.022768676 16:50:48.796
0.02505806 -0.18102074 0.075177014 16:50:48.808
0.003432542 -0.18013287 0.08499402 16:50:48.818
-0.029674739 -0.1385212 0.13174772 16:50:48.827
0.0044724345 -0.13772392 0.1093331 16:50:48.837
0.024525583 -0.109950066 -0.004329562 16:50:48.846
0.030294895 -0.1233902 -0.044589818 16:50:48.856
0.036194116 -0.13693714 -0.042194247 16:50:48.867
0.068522274 -0.17769814 -0.09513283 16:50:48.877
0.059384555 -0.16389942 -0.040689766 16:50:48.887
0.049614012 -0.17739582 0.01427573 16:50:48.897
0.026713371 -0.1909504 0.029623687 16:50:48.907
0.09948179 -0.23166656 0.030333698 16:50:48.918
0.10507026 -0.27224636 0.043134212 16:50:48.930
0.09423295 -0.28488922 -0.0022702813 16:50:48.941
0.14371845 -0.2978649 -0.047424853 16:50:48.951
0.14009914 -0.3242321 -0.08139622 16:50:48.960
0.19056013 -0.29594326 -0.1317215 16:50:48.970
0.17227542 -0.22670937 -0.14264965 16:50:48.986
0.1809543 -0.22562408 -0.09828448 16:50:48.994
0.17220965 -0.22406197 9.1296434E-4 16:50:49.006
0.13961953 -0.23718071 0.0677647 16:50:49.019
0.121350735 -0.2367258 0.1222741 16:50:49.028
0.13005403 -0.22274208 0.17802835 16:50:49.038
0.111750335 -0.2767563 0.24623162 16:50:49.051
0.12953779 -0.13929367 0.11932987 16:50:49.062
0.083494455 -0.1382885 0.09793258 16:50:49.072
0.15820664 -0.1644926 0.102053106 16:50:49.082
0.123674065 -0.16348553 0.06568527 16:50:49.091
0.122570455 -0.120967865 0.08000952 16:50:49.110
0.08662072 -0.1476593 0.076441586 16:50:49.120
0.07766223 -0.16090584 0.11596209 16:50:49.130
0.14972308 -0.1742754 0.12938613 16:50:49.140
0.097959965 -0.17426395 0.09061235 16:50:49.151
0.0893414 -0.18800068 0.082754254 16:50:49.172
0.07660991 -0.20160866 0.08331555 16:50:49.181
0.117170334 -0.14707279 0.08232647 16:50:49.191
0.0997493 -0.1468811 0.04927218 16:50:49.202
0.1350919 -0.18790817 0.07425237 16:50:49.212
0.101843536 -0.21567726 -0.059615493 16:50:49.230
0.05531168 -0.25730705 -0.08088863 16:50:49.237
0.089619994 -0.25814152 -0.11548561 16:50:49.247
0.07825041 -0.2591648 -0.11031675 16:50:49.258
0.09401792 -0.28760052 -0.061680317 16:50:49.268
0.08638102 -0.26140594 -0.05277282 16:50:49.277
0.037154526 -0.2620697 -0.036134362 16:50:49.289
0.06817901 -0.24898148 -0.008813739 16:50:49.298
0.05701238 -0.19515705 -0.0077683926 16:50:49.309
0.018587947 -0.20953465 0.008517206 16:50:49.319
-0.008477718 -0.16959572 0.093874454 16:50:49.329
-0.024162918 -0.17036438 0.06674862 16:50:49.339
0.012168318 -0.30730534 -0.016595542 16:50:49.349
-0.047834724 -0.33534718 -0.04467851 16:50:49.360
-0.05133286 -0.2685356 -0.04482925 16:50:49.370
-0.08066693 -0.228796 0.05010134 16:50:49.380
-0.031968772 -0.2294321 0.03534758 16:50:49.390
-0.024508893 -0.17555237 0.14308983 16:50:49.400
-0.0035346746 -0.1760788 0.14129603 16:50:49.414
-0.011163682 -0.17656994 0.12537694 16:50:49.424
-0.021670341 -0.23161507 0.055547476 16:50:49.434
-0.0326066 -0.24657345 -0.034283757 16:50:49.445
-0.0055135936 -0.23433971 -0.06747699 16:50:49.455
-0.032256275 -0.24863148 -0.050904095 16:50:49.467
-0.018056154 -0.22189808 0.0052330494 16:50:49.476
-0.043671586 -0.20854473 0.045432925 16:50:49.486
-0.02852811 -0.19494057 0.09653109 16:50:49.496
-0.02695889 -0.14021397 0.035897315 16:50:49.506
-0.02505232 -0.13992023 -0.02442807 16:50:49.516
-0.04997378 -0.13961792 -0.056646287 16:50:49.527
-0.060224574 -0.15299416 -0.12797463 16:50:49.537
-0.06982728 -0.20739746 -0.11442661 16:50:49.547
-0.116193056 -0.28895378 0.076713145 16:50:49.557
-0.13143589 -0.23422241 -0.059259415 16:50:49.567
-0.14807804 -0.23382092 0.019473612 16:50:49.577
-0.1502107 -0.20626354 -0.0638023 16:50:49.587
-0.16500297 -0.17863369 -0.025377631 16:50:49.597
-0.1115503 -0.17830276 -0.13564181 16:50:49.607
-0.0988889 -0.2052126 -0.13666356 16:50:49.617
-0.098721825 -0.20497322 -0.10916817 16:50:49.627
-0.11169427 -0.23205853 -0.053131163 16:50:49.638
-0.123728625 -0.24567795 -0.008594513 16:50:49.648
-0.13448587 -0.27309895 -0.0025022626 16:50:49.659
-0.19021775 -0.300395 -0.023765206 16:50:49.670
-0.20294988 -0.30009937 -0.13225663 16:50:49.680
-0.22206166 -0.27265167 -0.1331411 16:50:49.689
-0.23881191 -0.27259827 -0.13268274 16:50:49.700
-0.19945294 -0.27258968 -0.10498643 16:50:49.710
-0.2542185 -0.24526024 -0.09253311 16:50:49.720
-0.23950297 -0.20399857 0.051106155 16:50:49.730
-0.21054801 -0.23090172 -0.13141084 16:50:49.740
-0.16853318 -0.285038 -0.082262516 16:50:49.751
-0.16654626 -0.24396038 -0.058793187 16:50:49.763
-0.17629692 -0.27095127 -0.13182229 16:50:49.773
-0.1566883 -0.28427696 -0.2061665 16:50:49.783
-0.1507754 -0.2978363 -0.20906347 16:50:49.793
-0.1446822 -0.2979231 -0.22357938 16:50:49.803
-0.13618961 -0.2571478 -0.19796002 16:50:49.813
-0.113615416 -0.27068424 -0.17469203 16:50:49.823
-0.118355416 -0.2297411 -0.17849165 16:50:49.833
-0.13666031 -0.24326801 -0.114233255 16:50:49.843
-0.1004537 -0.22955227 -0.0634833 16:50:49.853
-0.06505943 -0.22935104 -2.0253658E-4 16:50:49.864
-0.056910686 -0.24271297 -0.0056445003 16:50:49.874
-0.008991465 -0.2833948 -0.009675622 16:50:49.885
0.02677302 -0.2421608 -0.04370594 16:50:49.895
-0.06047239 -0.21449375 -0.050926268 16:50:49.906
-0.040878378 -0.20067215 -0.09558284 16:50:49.915
-0.022117384 -0.17318726 -0.058823586 16:50:49.925
-0.017303996 -0.15925026 -0.036490083 16:50:49.935
-0.013356425 -0.19974709 -0.041796446 16:50:49.945
-0.009408645 -0.14486885 -0.08831912 16:50:49.957
0.0077911764 -0.1308155 -0.12152159 16:50:49.967
0.010182172 -0.18492126 -0.12655675 16:50:49.977
0.026801914 -0.14383984 -0.12973195 16:50:49.987
0.030664437 -0.11627197 -0.13431597 16:50:49.998
-0.018921219 -0.15727329 -0.16055375 16:50:50.009
-0.0028022602 -0.1305561 -0.12726241 16:50:50.018
-0.0132882595 -0.14469337 -0.12130624 16:50:50.028
0.0041053966 -0.19963741 -0.08883762 16:50:50.039
-0.032028392 -0.22722435 -0.044267178 16:50:50.049
0.014016695 -0.22752762 -0.08194661 16:50:50.062
-0.04787172 -0.2684555 -0.0546028 16:50:50.070
0.05258178 -0.25461102 -0.07162666 16:50:50.080
0.057474375 -0.21336555 -0.07692808 16:50:50.090
0.0751353 -0.2676468 -0.093437016 16:50:50.100
0.08209849 -0.30860806 -0.106446266 16:50:50.111
0.06250422 -0.3359089 -0.079066455 16:50:50.121
0.039679583 -0.33588982 -0.079634905 16:50:50.130
0.0714824 -0.30856037 -0.08102977 16:50:50.140
0.07613921 -0.36296082 -0.12320429 16:50:50.150
0.05436029 -0.2812519 -0.15058017 16:50:50.161
0.0598556 -0.32224083 -0.13563317 16:50:50.171
0.064727366 -0.33612728 -0.11891031 16:50:50.181
0.028750371 -0.39074898 -0.049243152 16:50:50.191
0.07323136 -0.36331272 0.002687335 16:50:50.201
0.02249471 -0.2799101 -0.004370451 16:50:50.218
0.13015525 -0.27897453 0.011674225 16:50:50.228
0.07448012 -0.23717022 -0.040346265 16:50:50.238
0.07283754 -0.16818428 -0.050647795 16:50:50.248
0.07100871 -0.14054775 -0.1096639 16:50:50.262
0.070206895 -0.12734032 -0.15931588 16:50:50.271
0.09611079 -0.15514565 -0.19355065 16:50:50.279
0.10854237 -0.169137 -0.121059835 16:50:50.290
0.094458416 -0.16915321 -0.05275047 16:50:50.299
0.10721858 -0.14169788 -0.06886792 16:50:50.310
0.13443413 -0.10043621 -0.08718109 16:50:50.320
0.17386733 -0.05902481 -0.10716057 16:50:50.330
0.14495148 0.036761284 -0.18032366 16:50:50.340
0.14394581 0.050600052 -0.1827985 16:50:50.350
0.15800162 0.009589195 -0.15386683 16:50:50.360
0.13235463 -0.07254982 -0.040145278 16:50:50.370
0.1196701 -0.08679867 0.007986009 16:50:50.380
0.09311241 -0.12845612 -0.09162992 16:50:50.390
0.14891264 -0.21117496 -0.09344232 16:50:50.400
0.17871776 -0.26756573 -0.070302665 16:50:50.410
0.18141125 -0.32421207 -0.029595971 16:50:50.422
0.12908192 -0.33901787 -0.096063495 16:50:50.431
0.19438468 -0.39456558 -0.027461886 16:50:50.441
0.0376312 -0.39517593 0.14439821 16:50:50.459
0.03602581 -0.38056278 0.25381088 16:50:50.469
-0.006868059 -0.36515617 0.25791663 16:50:50.484
-0.06443485 -0.24075413 -0.07816064 16:50:50.493
-0.09309834 -0.1577568 -0.24360317 16:50:50.503
0.017427087 -0.07482338 -0.2446819 16:50:50.514
0.094395585 -0.01996231 -0.20870262 16:50:50.524
0.0490323 -0.0067634583 -0.108602405 16:50:50.533
0.016892027 -0.04863453 -0.15108109 16:50:50.543
0.1076525 -0.035627365 -0.075544834 16:50:50.553
0.11918147 -0.009426117 -0.28055435 16:50:50.563
0.13321824 0.02993679 -0.08427572 16:50:50.574
0.06838103 0.027985573 -0.0037186146 16:50:50.584
-0.058621235 0.012212753 0.054251015 16:50:50.595
-0.11621382 0.037501335 0.01634419 16:50:50.605
-0.11874919 -0.08644295 -0.15063167 16:50:50.616
-0.09543082 -0.07379532 -0.4415577 16:50:50.627
-0.07828681 -0.1973114 -0.41446817 16:50:50.637
0.10174271 -0.33458996 -0.50855964 16:50:50.647
0.14113939 -0.44447994 -0.222788 16:50:50.659
0.17274904 -0.5409584 0.038235903 16:50:50.669
0.15831596 -0.54251194 0.25264978 16:50:50.680
0.14106043 -0.57120705 0.4120479 16:50:50.690
0.081904575 -0.5720911 0.58797795 16:50:50.700
0.008128315 -0.54513836 0.450768 16:50:50.710
-0.019780666 -0.5723362 0.25558564 16:50:50.721
0.050603002 -0.63873005 0.064211935 16:50:50.731
0.006860107 -0.65063095 -0.0473454 16:50:50.740
0.057110816 -0.63503265 -0.09492928 16:50:50.750
0.11872296 -0.6739626 -0.2770226 16:50:50.760
0.12124707 -0.74029636 -0.3755681 16:50:50.771
0.14666326 -0.6977205 -0.29731745 16:50:50.781
0.18165912 -0.6143179 -0.1785092 16:50:50.791
0.19911157 -0.490407 -0.041273892 16:50:50.801
0.17438646 -0.4895954 0.17217648 16:50:50.811
0.13390358 -0.5843754 0.41611987 16:50:50.821
0.09323941 -0.43347263 0.57154346 16:50:50.831
0.012133211 -0.3352146 0.48544413 16:50:50.842
-0.03666687 -0.31790638 0.20378041 16:50:50.852
-0.10379523 -0.32817078 -0.16321713 16:50:50.863
-0.07239449 -0.17460918 -0.4906697 16:50:50.872
-0.055644393 -0.1027565 -0.69412017 16:50:50.882
-0.055353016 -0.086185455 -0.8612697 16:50:50.892
0.06495823 -0.030094147 -0.72867906 16:50:50.903
0.08901487 -0.08427143 -0.61015284 16:50:50.912
0.16551098 -0.098540306 -0.31911778 16:50:50.923
0.15799001 -0.058086395 -0.1265204 16:50:50.933
0.09358753 -0.016893387 0.003445506 16:50:50.943
0.07010169 -0.029856682 0.08946371 16:50:50.953
0.07480113 -0.1106205 0.023103893 16:50:50.968
0.010364622 -0.10798359 -0.059578657 16:50:50.974
-0.03614518 -0.11798668 -0.24492544 16:50:50.984
-0.05225852 -0.07528496 -0.4258893 16:50:50.993
-0.05308847 -0.10169792 -0.41999143 16:50:51.003
-0.07906118 -0.14252377 -0.31107205 16:50:51.013
-0.009760439 -0.18384552 -0.19765311 16:50:51.023
0.031977385 -0.15749168 -0.12124902 16:50:51.034
0.09877373 -0.1720953 -0.0443753 16:50:51.043
0.08175053 -0.14547157 0.069563985 16:50:51.054
0.15703687 -0.11849308 0.09784663 16:50:51.064
0.13534364 -0.09102821 0.13491559 16:50:51.074
0.08424995 -0.11774731 0.059931636 16:50:51.084
0.018640205 -0.10317993 0.04914248 16:50:51.095
-0.0194643 -0.12817764 -0.0025072098 16:50:51.106
-0.04479313 -0.15469837 -0.07876277 16:50:51.115
-0.0815725 -0.23602295 -0.110865295 16:50:51.125
-0.14278203 -0.2630415 -0.18182069 16:50:51.135
-0.067065254 -0.20828438 -0.30757695 16:50:51.148
-0.071787894 -0.19471645 -0.32131743 16:50:51.157
-0.06196636 -0.14098835 -0.30150908 16:50:51.167
0.029997759 -0.15562439 -0.29291302 16:50:51.178
0.065660805 -0.14293575 -0.21709234 16:50:51.188
0.014706671 -0.21205711 -0.08641237 16:50:51.203
0.008818418 -0.22629833 3.3783913E-4 16:50:51.213
-0.023387715 -0.24035263 -0.009814858 16:50:51.223
-0.09556526 -0.17218685 -0.078875124 16:50:51.233
-0.085032575 -0.1307993 -0.15201539 16:50:51.243
-0.08839101 -0.14372635 -0.11767697 16:50:51.253
-0.09099323 -0.11538601 -0.20943958 16:50:51.265
-0.12999287 -0.101649284 -0.30567563 16:50:51.274
-0.08549975 -0.11536026 -0.31818974 16:50:51.284
-0.054658547 -0.12915993 -0.30267 16:50:51.294
-0.0242889 -0.17055607 -0.2839728 16:50:51.305
-0.020697378 -0.21216679 -0.24967265 16:50:51.315
-0.016527914 -0.30767632 0.038263083 16:50:51.327
-0.013837725 -0.32112694 0.1868223 16:50:51.338
0.040689185 -0.26635838 0.21148121 16:50:51.348
0.03788487 -0.1844492 0.10056245 16:50:51.358
0.007918984 -0.16995716 -0.030079246 16:50:51.368
-0.020356752 -0.16959286 -0.12878251 16:50:51.382
-0.047201 -0.16988754 -0.1669684 16:50:51.390
-0.019251563 -0.17050648 -0.09328359 16:50:51.400
-0.043983497 -0.21215057 -0.18132734 16:50:51.410
0.027641006 -0.19907188 -0.06710923 16:50:51.420
0.07164489 -0.24032688 0.018511891 16:50:51.430
5.1520765E-4 -0.2135725 -0.0031297207 16:50:51.447
0.0050077066 -0.21423721 0.0035059452 16:50:51.455
0.035662808 -0.17424297 0.09366071 16:50:51.464
0.026068576 -0.18815422 0.028769493 16:50:51.475
0.016273268 -0.22914982 -0.010338306 16:50:51.485
-0.034780487 -0.24339008 -0.11305863 16:50:51.495
-0.04480976 -0.28520584 -0.11715472 16:50:51.505
-0.054140598 -0.27248478 -0.13523346 16:50:51.515
-0.049179614 -0.2734108 -0.13921994 16:50:51.525
-0.028135106 -0.3155384 -0.098508894 16:50:51.536
-0.01898551 -0.2621956 -0.12661344 16:50:51.546
-0.012779489 -0.30380154 -0.090843976 16:50:51.555
-0.033578977 -0.26362705 -0.0010484457 16:50:51.569
-9.691566E-4 -0.23684406 -0.077090025 16:50:51.578
0.043063283 -0.22346497 -0.033141613 16:50:51.588
0.044269875 -0.22389698 -0.014880121 16:50:51.599
0.058904514 -0.27898884 -0.022032678 16:50:51.609
0.05910282 -0.28004837 -0.079126656 16:50:51.624
0.071974106 -0.2532692 -0.12893742 16:50:51.632
0.030799031 -0.25365257 -0.070512354 16:50:51.642
0.029098794 -0.21328449 -0.07929295 16:50:51.652
0.039950117 -0.22729397 -0.06211573 16:50:51.662
0.00894101 -0.2001133 -0.02140528 16:50:51.672
-0.013948977 -0.17248917 -0.06812638 16:50:51.687
-0.04418899 -0.18597698 -0.09733266 16:50:51.695
-0.055441484 -0.21305943 -0.12826484 16:50:51.705
-0.07960661 -0.24082375 -0.15179294 16:50:51.715
-0.09931883 -0.254941 -0.16114217 16:50:51.725
-0.17285094 -0.22796154 0.05869043 16:50:51.735
-0.12402874 -0.20078564 0.044908226 16:50:51.746
-0.10320462 -0.17347908 0.0705449 16:50:51.756
-0.09797846 -0.17342567 0.041621327 16:50:51.766
-0.07909803 -0.17349815 0.027713299 16:50:51.776
-0.047106378 -0.24206066 -0.036564052 16:50:51.786
-0.06852937 -0.31072235 -0.04505354 16:50:51.796
-0.036238723 -0.3112812 -0.080806494 16:50:51.806
-0.04341899 -0.27106476 -0.074523926 16:50:51.816
-0.03959143 -0.24457932 -0.10801822 16:50:51.827
-0.08908718 -0.23164749 -0.1283778 16:50:51.837
-0.094465226 -0.25938225 -0.09604317 16:50:51.846
-0.045740638 -0.21909904 -0.15811414 16:50:51.856
-0.023593176 -0.19224644 -0.04509753 16:50:51.870
-0.014647245 -0.26059914 0.025575578 16:50:51.879
-0.020310532 -0.21996975 0.05518627 16:50:51.890
-0.09360209 -0.28824615 0.13867432 16:50:51.900
-0.0725718 -0.26159477 0.06340319 16:50:51.910
-0.0953275 -0.26193428 0.053439975 16:50:51.928
-0.07050467 -0.23444557 0.03698182 16:50:51.935
-0.07131731 -0.20701218 -0.033313334 16:50:51.945
-0.057927553 -0.23428154 -0.0329957 16:50:51.956
-0.08399803 -0.248106 -0.057904124 16:50:51.966
-0.08162297 -0.2893095 -0.026753366 16:50:51.977
-0.06527978 -0.2760439 -0.022656143 16:50:51.986
-0.076210886 -0.24855709 0.04270017 16:50:51.996
-0.10276754 -0.20732498 0.13383889 16:50:52.006
-0.11664289 -0.20726871 0.13318837 16:50:52.016
-0.13083534 -0.18015003 0.14818245 16:50:52.026
-0.14533232 -0.22119045 0.10936195 16:50:52.036
-0.18720722 -0.23488998 0.08300203 16:50:52.047
-0.17533372 -0.27597427 -0.03706777 16:50:52.057
-0.20184536 -0.2762537 -0.07472843 16:50:52.067
-0.18684891 -0.26259232 0.020169795 16:50:52.077
-0.13043743 -0.22138977 -0.01094079 16:50:52.087
-0.19623645 -0.18021011 -0.0145071745 16:50:52.097
-0.19290774 -0.16656876 -0.028278291 16:50:52.107
-0.1593824 -0.1804018 0.06969482 16:50:52.117
-0.1259433 -0.1670084 0.11339623 16:50:52.128
-0.12149465 -0.13976288 0.15441287 16:50:52.137
-0.10422104 -0.09868431 0.23381442 16:50:52.148
-0.10067475 -0.12581062 0.17823589 16:50:52.158
-0.11016092 -0.15322495 0.16685355 16:50:52.169
-0.15864992 -0.19444561 0.103262246 16:50:52.179
-0.12555057 -0.26296425 0.0131620765 16:50:52.189
-0.13266402 -0.29056835 -0.05020517 16:50:52.199
-0.09857536 -0.2909298 -0.04537773 16:50:52.209
-0.09213875 -0.3048563 -2.7751923E-4 16:50:52.223
-0.093847275 -0.26438046 -0.02167797 16:50:52.231
0.020772219 -0.2643566 0.019590974 16:50:52.241
5.967915E-4 -0.27785492 0.05990839 16:50:52.251
0.022585444 -0.305027 0.046630442 16:50:52.261
0.030401818 -0.27773094 0.033504844 16:50:52.271
1.05559826E-4 -0.2774191 -0.104712665 16:50:52.287
0.020093553 -0.26356697 -0.17447 16:50:52.296
0.026413701 -0.23606491 -0.17644948 16:50:52.305
0.037593268 -0.27647495 -0.19330126 16:50:52.318
0.03246045 -0.2627592 -0.17911738 16:50:52.326
0.04051006 -0.29014206 -0.18939322 16:50:52.336
0.020412803 -0.3175497 -0.2131052 16:50:52.347
0.026637673 -0.31743145 -0.21310318 16:50:52.356
0.020142496 -0.33070564 -0.18827575 16:50:52.366
0.014225706 -0.27591324 -0.20369565 16:50:52.376
0.008578241 -0.24844456 -0.14988518 16:50:52.387
-0.022209153 -0.22116566 -0.120450616 16:50:52.397
-0.050525337 -0.2349453 -0.06060803 16:50:52.407
-0.031338274 -0.29016495 -0.16857898 16:50:52.418
-0.04475692 -0.33121967 -0.03915882 16:50:52.427
0.01724732 -0.3174019 -0.061438203 16:50:52.437
0.01734671 -0.28973866 0.02022326 16:50:52.447
0.030936688 -0.28918552 0.05960214 16:50:52.457
0.058398098 -0.26119328 0.13773137 16:50:52.467
0.04397741 -0.21936417 0.13135469 16:50:52.477
0.041403234 -0.20466042 0.014124215 16:50:52.487
0.05198759 -0.1899538 -0.13036132 16:50:52.497
0.021145403 -0.17534637 -0.06939924 16:50:52.508
0.030222446 -0.16087723 0.006511688 16:50:52.518
0.010365576 -0.16030788 0.05778694 16:50:52.528
0.01816091 -0.15987968 0.11097556 16:50:52.538
0.0423598 -0.14622688 0.17016995 16:50:52.549
0.05239618 -0.09179878 0.1894089 16:50:52.559
0.09794158 -0.1189518 0.24524611 16:50:52.569
0.07447544 -0.15979958 0.23338616 16:50:52.579
0.050822377 -0.18697262 0.17997003 16:50:52.589
0.027609795 -0.20026207 0.12371695 16:50:52.599
0.05702138 -0.18614006 0.023630321 16:50:52.609
0.099642426 -0.14480591 -0.035455644 16:50:52.619
0.07495698 -0.15820313 -0.036701083 16:50:52.629
0.10389233 -0.21273804 -0.04881859 16:50:52.639
0.10936785 -0.25417137 -0.011930406 16:50:52.657
0.09686497 -0.24087048 0.019690335 16:50:52.667
0.09737831 -0.2547226 -0.0045309067 16:50:52.677
0.07080996 -0.25472164 0.009454131 16:50:52.687
0.0715228 -0.25459003 0.02190262 16:50:52.697
0.07235223 -0.2545662 -0.01877445 16:50:52.707
0.08788645 -0.2681799 -0.0041747093 16:50:52.719
0.08833784 -0.24087048 -0.059225023 16:50:52.728
0.034207016 -0.25435543 -0.019783974 16:50:52.737
0.10133043 -0.25400925 0.12540776 16:50:52.747
0.05943054 -0.18557549 -0.028865516 16:50:52.757
0.097948074 -0.15824509 -0.058449984 16:50:52.768
0.094941884 -0.2129898 -0.0025048256 16:50:52.778
0.06566325 -0.2678604 9.7602606E-4 16:50:52.788
0.06208232 -0.21382332 0.0042784214 16:50:52.798
0.0719496 -0.25502872 0.047198176 16:50:52.808
0.027778715 -0.28257942 0.049122512 16:50:52.818
0.051139355 -0.28281307 0.07708132 16:50:52.828
0.060129553 -0.25575638 0.035983443 16:50:52.839
0.06337127 -0.21507645 0.005560577 16:50:52.850
-0.011238664 -0.17446041 0.005191505 16:50:52.859
0.11854017 -0.18848038 -0.006867528 16:50:52.869
0.09727368 -0.21610832 0.007608235 16:50:52.879
0.07335934 -0.21630192 0.045878887 16:50:52.890
0.09085414 -0.2026949 0.014299512 16:50:52.899
0.121957496 -0.21628761 -0.017611504 16:50:52.909
0.16475938 -0.25705338 0.085211396 16:50:52.919
0.112227336 -0.3114786 -0.029273689 16:50:52.929
0.086900786 -0.28417683 -0.02101165 16:50:52.939
0.07670818 -0.28403854 -0.01284796 16:50:52.950
0.092822656 -0.27013016 0.034269214 16:50:52.960
0.08120556 -0.18803692 0.053268075 16:50:52.971
0.048635468 -0.18779278 0.01705271 16:50:52.981
0.053499088 -0.14708996 -0.038415074 16:50:52.991
0.08471419 -0.17452717 -0.066397846 16:50:53.001
0.07588236 -0.18837738 -0.08005178 16:50:53.011
0.068077534 -0.1886921 -0.07876921 16:50:53.021
0.10118693 -0.21622562 0.0177024 16:50:53.031
0.092895344 -0.20290184 0.04601729 16:50:53.041
0.111566804 -0.17583752 0.03217441 16:50:53.051
0.062140614 -0.16224194 0.016728997 16:50:53.061
0.012258351 -0.16234875 -0.09317118 16:50:53.071
0.0032025129 -0.18988323 -0.10559285 16:50:53.081
-0.05892092 -0.19027424 -0.07565403 16:50:53.091
-0.021517068 -0.19108391 0.011636734 16:50:53.104
-0.056413546 -0.19161224 0.01608628 16:50:53.113
-0.036258712 -0.24646568 0.12794739 16:50:53.126
-0.041879177 -0.2737093 0.1133849 16:50:53.135
-0.020583078 -0.20541763 0.014903903 16:50:53.144
-0.052881062 -0.21871471 -0.08485156 16:50:53.156
-0.057477444 -0.20481205 -0.06147915 16:50:53.167
-0.008011401 -0.21858025 -0.07420117 16:50:53.175
-1.9943714E-4 -0.19166088 -0.057843506 16:50:53.188
-0.0066562146 -0.21920967 -0.041638553 16:50:53.199
-0.040954284 -0.23320675 -0.03832829 16:50:53.207
-0.0549644 -0.26088524 -0.00780344 16:50:53.218
-0.06197896 -0.3152771 -0.009552181 16:50:53.228
-0.05544185 -0.30140495 -0.013073206 16:50:53.237
-0.048892304 -0.28756237 -0.13877648 16:50:53.247
-0.055829123 -0.2600298 -0.08808702 16:50:53.257
-0.001115419 -0.27291965 -0.124335825 16:50:53.274
-0.0070915706 -0.27296352 -0.12419301 16:50:53.283
-0.027070202 -0.20503712 -0.12256956 16:50:53.292
-0.060559727 -0.23236942 -0.121831715 16:50:53.302
-0.03876795 -0.24598122 -0.08127463 16:50:53.312
-0.017136032 -0.21867561 -0.05490613 16:50:53.322
-0.03693653 -0.17764091 -0.016093075 16:50:53.332
-0.036467046 -0.15005112 0.0071395636 16:50:53.348
-0.041339476 -0.19096947 -0.033094704 16:50:53.357
-0.05867139 -0.21825027 0.021832883 16:50:53.369
-0.076066 -0.2318182 0.0076746345 16:50:53.378
-0.03889489 -0.2589512 -0.007098198 16:50:53.388
-0.06922055 -0.21804523 -0.034772754 16:50:53.398
-0.09900611 -0.20456314 -0.005990505 16:50:53.410
-0.045535937 -0.25924015 0.1323958 16:50:53.421
-0.045521617 -0.28668785 0.13466066 16:50:53.430
-0.044700656 -0.25966358 0.13703847 16:50:53.439
-0.0416382 -0.24659252 0.14306349 16:50:53.451
-0.07867633 -0.28755474 0.0896557 16:50:53.460
-0.0606519 -0.2740326 0.036231875 16:50:53.470
-0.06815859 -0.23333645 -0.016446352 16:50:53.483
-0.047136288 -0.23356915 -0.041035354 16:50:53.496
-0.07184407 -0.2610445 -0.051739395 16:50:53.508
-0.022976976 -0.24746037 -0.023841798 16:50:53.518
-0.015304834 -0.22027493 -0.05015397 16:50:53.528
0.0057341196 -0.22030735 -0.07665187 16:50:53.885
-3.884174E-4 -0.2886238 -0.14190072 16:50:53.886
-0.03253088 -0.2889843 -0.13721228 16:50:53.887
-0.0105810985 -0.30295467 -0.13258302 16:50:53.888
-0.05613494 -0.30325794 -0.08745283 16:50:53.889
0.02022624 -0.27632332 -0.042238593 16:50:53.890
0.01893317 -0.24964142 -0.061616838 16:50:53.890
0.041889496 -0.23653603 -0.04079306 16:50:53.891
0.0334014 -0.22309113 -0.07887441 16:50:53.902
0.024853826 -0.23671055 -0.11903256 16:50:53.903
0.0011340007 -0.23654556 -0.09322798 16:50:53.904
0.003008999 -0.23634338 -0.095317245 16:50:53.906
0.0044964626 -0.26332664 -0.07087821 16:50:53.906
0.0055173263 -0.24948788 -0.032407343 16:50:53.907
0.006172724 -0.23563385 0.03306353 16:50:53.908
0.006587304 -0.16714573 0.083108425 16:50:53.909
0.033085935 -0.19377708 0.048731565 16:50:53.910
0.0047567263 -0.20659828 0.053047717 16:50:53.910
0.016812883 -0.2190237 0.06659722 16:50:53.911
-0.010803074 -0.2587223 0.04002416 16:50:53.912
0.0019013286 -0.25819206 0.006824136 16:50:53.912
0.014841877 -0.25795364 -0.09121692 16:50:53.913
-0.012354106 -0.20315456 -0.05380118 16:50:53.913
0.027255483 -0.20253849 -0.06065774 16:50:53.914
0.025499865 -0.16086102 -0.13776201 16:50:53.915
-0.004146427 -0.17352581 -0.13459635 16:50:53.916
-0.036197886 -0.19982433 -0.11784738 16:50:53.917
-0.05867856 -0.22576523 -0.118717134 16:50:53.918
-0.053457066 -0.23836517 -0.116395 16:50:53.919
-0.08521363 -0.22433949 -0.08008999 16:50:53.919
-0.12932622 -0.22424984 -0.13578385 16:50:53.921
-0.038226828 -0.2244606 -0.10678995 16:50:53.922
-0.02882512 -0.238204 -0.06504619 16:50:53.922
-0.04787436 -0.23827362 -0.037531912 16:50:53.923
-5.920902E-4 -0.2384243 -0.036528647 16:50:53.924
-0.022181079 -0.27946758 0.019265592 16:50:53.926
-0.044670377 -0.29327202 0.04785824 16:50:53.928
-0.06731486 -0.27959538 0.03324938 16:50:53.929
0.0031509362 -0.27921963 0.056252897 16:50:53.930
-0.020887347 -0.27893162 -0.06950742 16:50:53.936
-0.0368049 -0.25125217 -0.04687929 16:50:53.946
-0.019969717 -0.26449394 -0.07789421 16:50:53.956
-0.034642387 -0.23663807 -0.083807886 16:50:53.975
-0.043932047 -0.23635101 -0.12727565 16:50:53.976
-0.06552805 -0.27701855 -0.15614861 16:50:53.986
-0.032611683 -0.27693176 -0.102190495 16:50:53.996
-0.02647146 -0.29067135 -0.12788635 16:50:54.006
-0.0327615 -0.3180437 -0.09896934 16:50:54.016
-0.038527668 -0.31801128 -0.058051586 16:50:54.026
-0.044964127 -0.27705193 -0.05858344 16:50:54.040
-0.023686137 -0.24965 -0.018861413 16:50:54.047
-0.02922419 -0.24951458 -0.019741297 16:50:54.057
0.0054396093 -0.23563385 -0.049021065 16:50:54.067
-0.054600585 -0.16714382 -0.12041247 16:50:54.078
0.023214847 -0.19392967 -0.015535116 16:50:54.088
0.022413902 -0.19375134 -0.017205596 16:50:54.097
-0.042707797 -0.20761013 -0.08325976 16:50:54.108
-0.023896888 -0.18082428 -0.09290463 16:50:54.118
0.036668345 -0.16772461 -0.020231605 16:50:54.128
0.08388373 -0.16828537 0.012031198 16:50:54.139
0.07687506 -0.12788391 0.056950033 16:50:54.149
0.07035212 -0.11460304 0.08707118 16:50:54.159
0.06356717 -0.101400375 0.036340952 16:50:54.171
0.042956997 -0.15617943 0.025338948 16:50:54.181
0.036829785 -0.14271832 -6.580353E-4 16:50:54.190
0.059609003 -0.12943745 -0.038490713 16:50:54.200
0.06608916 -0.11685848 -0.05534178 16:50:54.210
0.0720526 -0.18570328 -0.03426045 16:50:54.220
0.06537213 -0.18646622 -0.04013896 16:50:54.230
0.04608634 -0.2008686 -0.100176156 16:50:54.240
0.081882395 -0.20125866 -7.709265E-4 16:50:54.250
0.118009575 -0.21530533 0.017396808 16:50:54.260
0.12782998 -0.25689507 -0.05645317 16:50:54.270
0.056372974 -0.2576809 -0.0068671107 16:50:54.280
0.069246195 -0.25841618 0.0424546 16:50:54.290
0.15013391 -0.20454025 -0.0047290325 16:50:54.301
0.10661772 -0.21879959 -0.037780166 16:50:54.311
0.12682828 -0.26071548 0.0029714704 16:50:54.323
0.12156689 -0.28808594 0.032551825 16:50:54.334
0.13024661 -0.27479076 0.037208974 16:50:54.343
0.13824302 -0.2618227 0.0456298 16:50:54.353
0.09180187 -0.24887848 0.02727139 16:50:54.363
0.10036409 -0.26288605 -0.035070598 16:50:54.374
0.084098235 -0.26276588 0.006124258 16:50:54.384
0.12003501 -0.27625751 0.06058663 16:50:54.394
0.08591101 -0.26253033 0.046936214 16:50:54.404
0.105332896 -0.23486328 0.04305142 16:50:54.414
0.11226416 -0.22012615 0.072384 16:50:54.425
0.11558993 -0.20558071 -0.032835364 16:50:54.435
0.11490443 -0.21884441 -0.13232774 16:50:54.445
0.14017543 -0.1914196 -0.0666787 16:50:54.455
0.10923369 -0.21884441 -0.13340688 16:50:54.465
0.07812185 -0.23281288 -0.007625401 16:50:54.475
0.10080138 -0.24679756 0.03652507 16:50:54.486
0.09481427 -0.21989536 0.052912176 16:50:54.497
0.089292735 -0.20648098 0.108786166 16:50:54.507
0.016580142 -0.17928982 0.108611524 16:50:54.517
0.03907553 -0.2198267 0.13140684 16:50:54.527
0.06767842 -0.273345 0.09154546 16:50:54.538
0.06167802 -0.27316856 0.06151265 16:50:54.548
0.041480184 -0.21856308 0.004805863 16:50:54.560
0.035044163 -0.20463943 -0.06741297 16:50:54.569
0.042816225 -0.1362133 0.010062695 16:50:54.578
-0.043631874 -0.14988518 0.03736037 16:50:54.589
-0.034998804 -0.19116592 0.014256179 16:50:54.600
-0.04054738 -0.25967598 0.08633739 16:50:54.609
-0.03687837 -0.2599182 0.033680797 16:50:54.625
-0.053889386 -0.23286343 -0.046249926 16:50:54.632
-0.027637117 -0.1925335 -0.06765103 16:50:54.642
0.013728809 -0.26141357 -0.03159648 16:50:54.652
0.01598389 -0.2892933 0.003101766 16:50:54.662
0.044469915 -0.28947163 0.11421746 16:50:54.672
0.057929076 -0.2213211 0.08640468 16:50:54.683
0.08455603 -0.20763016 0.11277819 16:50:54.693
0.04473558 -0.20757008 0.11218244 16:50:54.704
0.04607384 -0.20770073 0.07292205 16:50:54.714
0.04767441 -0.22170162 -0.04515028 16:50:54.724
0.04873035 -0.22208118 -0.04066986 16:50:54.733
0.050322145 -0.29087257 -0.0052752495 16:50:54.745
0.06423198 -0.2774496 -0.030174315 16:50:54.754
0.023958672 -0.25026798 -0.11115062 16:50:54.764
0.024993565 -0.2637806 -0.071448684 16:50:54.774
0.027700346 -0.19556332 -0.03168571 16:50:54.785
0.030522559 -0.2090435 0.007836461 16:50:54.795
0.035331275 -0.20898628 0.048522294 16:50:54.805
0.065854795 -0.20893669 0.061925173 16:50:54.816
0.0011419654 -0.19515991 0.005994916 16:50:54.826
0.0045421273 -0.22215366 0.05799979 16:50:54.836
0.037857756 -0.20817375 0.05456704 16:50:54.847
0.04106401 -0.15354347 0.053254902 16:50:54.856
0.071080744 -0.16712952 0.012378514 16:50:54.866
0.017779209 -0.19433689 0.025768578 16:50:54.876
0.02002158 -0.18074512 0.02640295 16:50:54.886
-2.2720546E-4 -0.20853615 0.020159304 16:50:54.904
0.0033502206 -0.23612785 -0.09778482 16:50:54.913
0.035279654 -0.22262478 0.026875794 16:50:54.924
0.08153409 -0.19527149 0.05367428 16:50:54.934
0.08679055 -0.18158913 0.012950957 16:50:54.944
0.08009984 -0.19510937 0.012974381 16:50:54.954
0.073706664 -0.19498444 0.02646476 16:50:54.964
0.08131627 -0.16761589 -8.3082914E-4 16:50:54.974
0.05777476 -0.19484806 -0.02457869 16:50:54.988
0.053695843 -0.22228527 -0.020121217 16:50:54.998
0.051069036 -0.22260952 -0.05448848 16:50:55.007
0.0906075 -0.26390457 -0.046164453 16:50:55.017
0.10278294 -0.264225 0.0018976331 16:50:55.028
0.0753016 -0.25079823 -0.03270513 16:50:55.039
0.049757227 -0.25085068 -0.054531217 16:50:55.049
0.025200114 -0.33242607 -0.07816875 16:50:55.062
-0.003632903 -0.29099655 -0.089616776 16:50:55.072
0.102724746 -0.33107662 -0.062433958 16:50:55.082
0.051469207 -0.3306694 -0.14213711 16:50:55.091
0.042253107 -0.3167534 -0.11060572 16:50:55.104
0.05940768 -0.28929424 -0.13252771 16:50:55.112
0.061804533 -0.2890272 -0.12799656 16:50:55.122
0.078014195 -0.26131916 -0.09834713 16:50:55.132
0.06802276 -0.30171585 -0.054076254 16:50:55.142
0.057745457 -0.2740078 -0.050468147 16:50:55.152
0.0062051415 -0.21888542 -0.03532785 16:50:55.162
0.008868694 -0.21801853 -0.022916317 16:50:55.172
0.02558428 -0.25774002 2.3549795E-4 16:50:55.183
0.015761167 -0.21549892 0.034819305 16:50:55.193
0.067727715 -0.18620205 -0.015410483 16:50:55.203
0.03635758 -0.12995815 -0.0486266 16:50:55.213
0.010275722 -0.15655708 -0.018790781 16:50:55.223
0.02454263 -0.18327236 0.026019633 16:50:55.233
-0.0035244226 -0.18259907 0.08176434 16:50:55.243
0.061433196 -0.15461826 0.10781485 16:50:55.254
0.097500324 -0.1401949 0.14552897 16:50:55.264
0.010109425 -0.11198616 0.20787531 16:50:55.273
0.057738483 -0.15164948 0.17120862 16:50:55.284
0.049330533 -0.13690376 0.07990897 16:50:55.294
0.052976727 -0.16344833 -0.0073349476 16:50:55.304
0.068354726 -0.2039957 -0.050588965 16:50:55.315
0.07116598 -0.24452782 -0.06594628 16:50:55.325
0.017722428 -0.1897173 -0.08266556 16:50:55.335
0.044804275 -0.17582321 -0.058805108 16:50:55.345
0.11078936 -0.17587852 -0.08704674 16:50:55.355
0.093486786 -0.18982506 -0.07241809 16:50:55.365
0.089818895 -0.17673016 -0.109885514 16:50:55.375
0.08614051 -0.17733955 -0.078201294 16:50:55.385
0.094537854 -0.17801666 -0.10135752 16:50:55.395
0.088398635 -0.2604046 -0.084430814 16:50:55.406
0.041581154 -0.30189514 -0.094982386 16:50:55.416
0.047792137 -0.28882504 -0.053072453 16:50:55.426
0.026906133 -0.37073326 0.025454879 16:50:55.436
0.04181415 -0.3438034 -0.007091224 16:50:55.447
0.056575 -0.35750484 -0.06948209 16:50:55.457
0.060372055 -0.30302334 -0.08989471 16:50:55.467
0.0356915 -0.19411564 -0.110325575 16:50:55.477
0.051210493 -0.20788002 -0.12995684 16:50:55.487
0.05349493 -0.24864388 -0.11103231 16:50:55.497
0.06881404 -0.28906345 -0.109806 16:50:55.507
0.056684017 -0.26127815 -0.109490156 16:50:55.517
0.07150623 -0.24711895 -0.17703259 16:50:55.527
0.101424605 -0.24654579 -0.1756782 16:50:55.537
0.07724005 -0.23264694 -0.19790655 16:50:55.547
0.0121741295 -0.21906853 -0.27099103 16:50:55.557
0.14606416 -0.17885494 -0.2175098 16:50:55.567
0.068894416 -0.08377457 -0.21186233 16:50:55.579
0.0852519 -0.13818169 -0.05411315 16:50:55.589
0.18092881 -0.16597652 3.7956238E-4 16:50:55.598
0.076800704 -0.1801176 -0.025112748 16:50:55.608
0.123431385 -0.20747948 1.3613701E-4 16:50:55.618
0.11653197 -0.18021202 -0.030228198 16:50:55.628
0.058707416 -0.15277863 0.007291615 16:50:55.639
0.05629012 -0.13880157 -0.011012912 16:50:55.650
0.056755096 -0.111029625 -0.016346514 16:50:55.660
0.033994347 -0.11082077 -0.03034705 16:50:55.669
0.06859064 -0.16537666 0.04147017 16:50:55.680
0.03634253 -0.1791277 0.06001717 16:50:55.690
0.029346317 -0.17913151 0.095998645 16:50:55.700
0.02517891 -0.17881298 0.18492645 16:50:55.713
0.014777839 -0.17837238 0.24285454 16:50:55.723
0.0061068237 -0.20503235 0.20512474 16:50:55.733
0.03823504 -0.2722063 0.19128788 16:50:55.743
0.029302597 -0.24381733 0.0664196 16:50:55.753
0.0067054033 -0.2558775 -0.17719936 16:50:55.767
0.019397259 -0.25566673 -0.17185032 16:50:55.776
-0.010233045 -0.25565243 -0.042524338 16:50:55.786
0.025552332 -0.24228764 -0.04796356 16:50:55.796
0.032479465 -0.26987457 -0.08054572 16:50:55.806
0.037645638 -0.24291229 -0.14215523 16:50:55.816
0.06846738 -0.25636673 -0.087150335 16:50:55.827
0.09610513 -0.29693604 -0.117364764 16:50:55.836
0.053249896 -0.29674244 -0.20253986 16:50:55.846
0.048890352 -0.31032372 -0.24670374 16:50:55.856
0.083667964 -0.31015873 -0.2524578 16:50:55.866
0.08976203 -0.29630947 -0.2733593 16:50:55.876
0.068677515 -0.24161816 -0.19855386 16:50:55.887
0.06477648 -0.26890564 -0.11329019 16:50:55.898
0.05420178 -0.2553692 -0.06406152 16:50:55.907
0.01626885 -0.26879787 -0.01767391 16:50:55.917
0.005399108 -0.2004776 -0.053192317 16:50:55.927
-0.0469715 -0.20038414 -0.087546766 16:50:55.937
-0.05828595 -0.1730814 -0.0940631 16:50:55.950
-0.028528035 -0.20039272 -0.12616318 16:50:55.958
0.0010584593 -0.22781849 -0.10257417 16:50:55.968
-0.024312973 -0.21439552 -0.038061798 16:50:55.978
-0.036153615 -0.14624691 0.05133587 16:50:55.989
-0.07669222 -0.10534191 0.18895358 16:50:56.007
-0.08854619 -0.105093956 0.1952228 16:50:56.015
-0.087349415 -0.13210392 0.119909525 16:50:56.025
-0.10032669 -0.17304993 0.061282873 16:50:56.035
-0.13951296 -0.2007389 0.020354748 16:50:56.045
-0.15711102 -0.16067219 0.021850467 16:50:56.057
-0.14716923 -0.1473999 0.019395351 16:50:56.068
-0.18549818 -0.106666565 0.003435254 16:50:56.078
-0.16847405 -0.05283642 -0.15689039 16:50:56.088
-0.17811793 -0.10836506 -0.14958167 16:50:56.098
-0.1612652 -0.20500565 -0.19433218 16:50:56.108
-0.18460995 -0.23325825 -0.105345845 16:50:56.118
-0.13895631 -0.19310188 -0.14164221 16:50:56.128
-0.1336844 -0.18004227 -0.15191603 16:50:56.138
-0.12904245 -0.18041134 -0.13696134 16:50:56.148
-0.1368071 -0.18090343 -0.16122669 16:50:56.158
-0.12016174 -0.18175983 -0.14155793 16:50:56.169
-0.114694595 -0.21006012 -0.091830075 16:50:56.179
-0.11857231 -0.21078014 -0.09893459 16:50:56.190
-0.13550879 -0.25231743 -0.07908094 16:50:56.199
-0.1370176 -0.18482304 -0.04584545 16:50:56.209
-0.16625239 -0.25333118 -0.028419375 16:50:56.219
-0.20894356 -0.23993587 -0.06733829 16:50:56.229
-0.18148513 -0.2263565 -0.121331036 16:50:56.239
-0.1125471 -0.29427242 -0.25930983 16:50:56.250
-0.11254051 -0.4027462 -0.27805114 16:50:56.259
-0.11330712 -0.4427557 -0.2734927 16:50:56.269
-0.16800128 -0.22346687 -0.24670398 16:50:56.279
-0.14270222 -0.30330372 -0.18448621 16:50:56.290
-0.15584739 -0.35520267 -0.3352846 16:50:56.300
-0.22205822 -0.24668407 -0.3876785 16:50:56.311
-0.32260114 -0.19401264 -0.31636876 16:50:56.320
-0.380803 -0.30431366 -0.23558927 16:50:56.330
-0.30211622 -0.35955906 -0.1058532 16:50:56.341
-0.23707488 -0.31929016 -0.045923293 16:50:56.351
-0.14742935 -0.31975365 -0.0013327003 16:50:56.361
-0.23691286 -0.3058529 0.13070309 16:50:56.373
-0.20434429 -0.27668 0.08269727 16:50:56.383
-0.24119803 -0.31389046 -0.022482455 16:50:56.393
-0.34297872 -0.15626717 -0.12432361 16:50:56.404
-0.088701874 -0.13422489 -0.23965555 16:50:56.414
-0.08547462 -0.18432999 -0.27648073 16:50:56.427
-0.20510814 -0.3040285 -0.12328482 16:50:56.434
-0.3092472 -0.35594082 -0.03507769 16:50:56.443
-0.13783324 -0.3383789 -0.0793705 16:50:56.454
-0.19638935 -0.22369862 -0.040609837 16:50:56.464
-0.24238029 -0.013589859 -0.123713136 16:50:56.474
-0.1858623 -0.033395767 -0.3803904 16:50:56.489
-0.242582 -0.094429016 -0.42809606 16:50:56.498
-0.29017845 -0.09214687 -0.36119854 16:50:56.508
-0.03815252 -0.13121414 -0.11387992 16:50:56.517
-0.033482336 -0.29177856 0.11284888 16:50:56.527
-0.2607966 -0.2745285 0.13074172 16:50:56.537
-0.14519992 -0.29781723 -0.22064972 16:50:56.548
-0.32086143 -0.26920223 -0.62339574 16:50:56.557
-0.19829503 -0.20415688 -0.8341153 16:50:56.569
