14:00:37.575
0.121815085 -0.392725 -0.30478024 14:00:37.613
0.13456038 -0.29728985 -0.060481906 14:00:37.615
0.11085886 -0.2418909 -0.010866761 14:00:37.617
0.11210325 -0.15978432 -0.09467447 14:00:37.620
0.08562076 -0.14593506 -0.16403294 14:00:37.631
0.08897734 -0.21308327 -0.27807868 14:00:37.633
0.09249404 -0.32174492 -0.2925402 14:00:37.634
0.10074195 -0.267251 -0.3444842 14:00:37.635
0.1453425 -0.25344658 -0.24912179 14:00:37.638
0.16549397 -0.2667532 -0.031094551 14:00:37.640
0.18132037 -0.25335026 0.011893511 14:00:37.641
0.1427759 -0.1855154 -0.108196616 14:00:37.642
0.12024328 -0.13116741 -0.11939108 14:00:37.644
0.107970595 -0.13120079 -0.15957475 14:00:37.645
0.12432775 -0.18571663 -0.090320945 14:00:37.650
0.15224037 -0.1853199 0.0026751757 14:00:37.651
0.10811192 -0.1970129 -0.10618186 14:00:37.652
0.07707116 -0.1527729 -0.16979837 14:00:37.653
0.021524608 -0.082891464 -0.07237053 14:00:37.654
0.020656556 -0.067819595 -0.06809664 14:00:37.656
0.033292115 -0.012850761 -0.12592328 14:00:37.657
0.060298175 0.01411438 -0.110672235 14:00:37.658
0.073317766 -0.05578804 -0.09963 14:00:37.658
0.12668541 -0.15178108 -0.08227682 14:00:37.659
0.15013978 -0.11092949 -0.08342433 14:00:37.660
0.16012818 -0.12408066 -0.101142764 14:00:37.672
0.11436102 -0.16382599 0.08105314 14:00:37.674
0.12052348 -0.12026405 0.13016033 14:00:37.676
0.042263895 -0.062874794 -0.12217069 14:00:37.677
0.051671505 -0.07764244 -0.17088807 14:00:37.696
0.008697152 -0.092167854 -0.23409212 14:00:37.698
0.046711117 -0.09287453 -0.06713843 14:00:37.699
0.0711056 -0.22947693 0.43843699 14:00:37.699
0.1767534 -0.2569208 0.15270138 14:00:37.710
0.1315642 -0.28377533 0.09462464 14:00:37.711
0.12750345 -0.28281593 0.0467844 14:00:37.712
0.08374044 -0.22737312 -7.343292E-4 14:00:37.714
0.06563228 -0.25312138 -0.02459085 14:00:37.715
0.05021125 -0.19844723 -0.10794675 14:00:37.719
0.049375415 -0.21260357 -0.22753584 14:00:37.724
0.06299946 -0.2407217 -0.22224355 14:00:37.736
0.07757586 -0.2827301 -0.25588465 14:00:37.751
0.09130657 -0.2283287 -0.17364585 14:00:37.761
0.076787144 -0.2143488 -0.1760757 14:00:37.771
0.04836729 -0.15920639 -0.1395384 14:00:37.781
0.047697783 -0.17212772 -0.11669445 14:00:37.793
0.0067355633 -0.17163849 -0.13328886 14:00:37.804
0.020489186 -0.19858646 -0.13501787 14:00:37.812
-0.019890726 -0.18512821 -0.16115391 14:00:37.823
0.049492866 -0.17315865 -0.10998118 14:00:37.838
0.049978226 -0.18815804 -0.046987414 14:00:37.847
0.0506047 -0.1351223 -0.051589727 14:00:37.858
0.07931721 -0.12275791 0.011009455 14:00:37.873
0.067162484 -0.08289051 0.05841708 14:00:37.881
0.08236089 -0.0015239716 0.08830285 14:00:37.890
0.08385861 0.02649498 0.12476528 14:00:37.902
0.09619719 -0.027558327 0.09452593 14:00:37.916
0.10745835 -0.02744484 0.05230713 14:00:37.922
0.07742956 -0.041373253 -0.041904807 14:00:37.933
0.088689774 -0.15116501 -0.105529785 14:00:37.942
0.114150226 -0.20689201 -0.08467066 14:00:37.956
0.09937903 -0.24895 0.031419158 14:00:37.964
0.030181795 -0.29119396 0.0942657 14:00:37.977
0.04419738 -0.31830215 0.052693844 14:00:37.995
0.085146785 -0.31787205 -0.18153381 14:00:37.998
0.05825612 -0.26287365 -0.29363668 14:00:38.008
0.071560025 -0.28985214 -0.22726393 14:00:38.018
0.07105321 -0.2765875 -0.22517717 14:00:38.035
0.15281117 -0.26367855 -0.24794686 14:00:38.043
0.16745022 -0.30546856 -0.24182582 14:00:38.052
0.14152765 -0.37426186 -0.20986378 14:00:38.062
0.14228678 -0.44262123 -0.15353298 14:00:38.075
0.14354375 -0.42875576 -0.15473068 14:00:38.083
0.1312114 -0.33277702 -0.15838861 14:00:38.093
0.07852179 -0.2365179 -0.16365635 14:00:38.103
0.09392163 -0.05837345 -0.19716966 14:00:38.117
0.083063185 -0.04243183 -0.14275038 14:00:38.127
0.042930245 -0.06882286 -0.09333384 14:00:38.136
0.043301642 -0.13649273 -0.09590399 14:00:38.155
0.09737402 -0.21800804 -0.042805552 14:00:38.162
0.05576399 -0.25865078 -0.057976723 14:00:38.171
0.05511865 -0.29901886 -0.1156764 14:00:38.180
0.05672726 -0.32400036 -0.1426853 14:00:38.195
0.056676537 -0.34952164 -0.1803807 14:00:38.202
0.028834552 -0.2932558 -0.15044677 14:00:38.212
0.06775564 -0.2508707 -0.22819662 14:00:38.222
0.024235547 -0.18135452 -0.22370887 14:00:38.234
0.021461695 -0.18017769 -0.25866747 14:00:38.243
-0.008091092 -0.17941475 -0.2910093 14:00:38.253
0.030358166 -0.23343086 -0.32162154 14:00:38.263
0.041888118 -0.27387333 -0.31100273 14:00:38.275
0.054302663 -0.2868433 -0.27426016 14:00:38.284
0.08058947 -0.21669483 -0.27281606 14:00:38.296
0.03950703 -0.16092873 -0.19859922 14:00:38.305
0.038299352 -0.10516548 -0.09732413 14:00:38.318
0.037680358 -0.07675457 -0.10420978 14:00:38.328
0.009825259 -0.021066666 0.03856933 14:00:38.338
0.03788641 0.020990372 -0.18595839 14:00:38.358
0.053542465 0.048374176 -0.18627512 14:00:38.365
0.070011854 0.07557392 -0.15809214 14:00:38.375
0.100470126 0.116044044 -0.11420679 14:00:38.384
0.10470447 0.11563492 -0.042683244 14:00:38.400
0.080950886 0.10187626 -0.01376152 14:00:38.409
0.005046904 0.03207493 0.024730682 14:00:38.454
-0.0058057606 0.072244644 0.16564417 14:00:38.456
0.051556706 0.071502686 0.18432593 14:00:38.464
0.04456067 0.015035629 0.17041588 14:00:38.484
0.046990275 -0.026986122 0.123396516 14:00:38.488
0.088805854 -0.068964005 0.08935785 14:00:38.497
0.07551673 -0.11089039 -0.054086447 14:00:38.520
-0.0056967437 -0.18004227 -0.10220647 14:00:38.523
0.035791934 -0.27773857 -0.07438338 14:00:38.531
0.036389858 -0.27892303 -0.06710315 14:00:38.542
0.051232874 -0.34806442 -0.019623637 14:00:38.561
0.04153955 -0.32260895 -0.10298622 14:00:38.568
0.05755174 -0.2827406 -0.10986352 14:00:38.579
0.11465028 -0.18838501 -0.13027477 14:00:38.604
0.1713275 -0.053132057 -0.17825627 14:00:38.606
0.19034868 -2.450943E-4 -0.07138932 14:00:38.617
0.21844098 -0.0011587143 -0.010955095 14:00:38.626
0.23094238 0.025258064 0.11642158 14:00:38.642
0.24137323 0.024385452 0.2571137 14:00:38.647
0.19635087 -0.030827522 0.26043952 14:00:38.691
0.09227505 -0.08778095 0.14679897 14:00:38.692
0.10220474 -0.008587837 -0.04642248 14:00:38.700
0.100464016 0.014595985 0.043444037 14:00:38.719
0.1183323 0.02598381 0.13710785 14:00:38.728
0.10727081 -0.017123222 0.23057234 14:00:38.743
0.081124544 0.005311966 0.25566363 14:00:38.760
0.06636268 0.05728531 0.24162424 14:00:38.781
0.024153113 0.054460526 0.10738385 14:00:38.783
0.036085546 -0.01652813 0.11003482 14:00:38.801
-0.046820104 -0.0058526993 -0.009002924 14:00:38.803
-0.06535348 -0.09281349 -0.074053764 14:00:38.813
-0.09314668 -0.23143005 -0.15481234 14:00:38.821
-0.07779676 -0.3017416 -0.16822803 14:00:38.838
-0.10924707 -0.33354568 -0.110435486 14:00:38.852
-0.088961884 -0.39063358 -0.023867488 14:00:38.860
-0.04463862 -0.4099884 0.046005845 14:00:38.877
-0.0063479245 -0.37159538 0.037929296 14:00:38.886
0.0051701814 -0.41464424 -0.01289928 14:00:38.896
-0.010558233 -0.44388103 0.003053546 14:00:38.906
0.013203159 -0.5139532 -0.07656407 14:00:38.917
0.008911014 -0.58389854 -0.18440032 14:00:38.927
-7.636994E-4 -0.70941734 -0.22907269 14:00:38.957
-0.018621162 -0.6289263 -0.2872113 14:00:38.962
-0.0148408115 -0.49512863 -0.2540369 14:00:38.971
-0.019788563 -0.42864323 -0.19953889 14:00:38.980
-0.025105312 -0.34865856 -0.26637214 14:00:38.999
-0.0060186237 -0.36559582 -0.20974278 14:00:39.008
0.004673049 -0.38084602 -0.23566759 14:00:39.017
0.11036274 -0.27345085 -0.27562118 14:00:39.027
0.040377595 -0.11154175 -0.35633194 14:00:39.039
-0.015366733 -0.017912865 -0.3668506 14:00:39.048
-0.042092755 0.07546711 -0.29253757 14:00:39.060
-0.067398965 0.19585133 -0.16066098 14:00:39.068
-0.06327239 0.30256748 0.04082489 14:00:39.080
-0.08368741 0.35476112 0.23029143 14:00:39.090
-0.052996248 0.39122963 0.32440817 14:00:39.103
-0.07177681 0.38942719 0.3477224 14:00:39.117
-0.1052421 0.3196211 0.28862315 14:00:39.124
-0.11287804 0.27724552 0.26833206 14:00:39.134
-0.08073504 0.2215023 0.27230406 14:00:39.145
-0.14352463 -0.02594471 0.20886594 14:00:39.160
-0.075487494 -0.16318703 0.18231404 14:00:39.170
-0.09071945 -0.31406784 0.07407683 14:00:39.178
-0.1474947 -0.34234047 0.0609383 14:00:39.188
-0.14954785 -0.3706951 0.049408972 14:00:39.204
-0.11218129 -0.3720255 0.013885379 14:00:39.210
-0.14390147 -0.3598671 0.007964551 14:00:39.222
-0.18948866 -0.32056236 0.017935455 14:00:39.243
-0.29033846 -0.3647251 0.018561065 14:00:39.247
-0.28831038 -0.42073345 0.06137365 14:00:39.256
-0.24208343 -0.4218893 0.031663686 14:00:39.265
-0.0682022 -0.46439838 0.002639562 14:00:39.283
0.004039362 -0.57401466 0.06003028 14:00:39.291
-0.02050881 -0.69715977 0.006266296 14:00:39.300
-0.0064040422 -0.83380413 -0.023823172 14:00:39.320
-0.006423548 -0.9702692 -0.031062871 14:00:39.536
-0.033419833 -1.0929918 -0.054727465 14:00:39.538
-0.019596815 -1.1747503 -0.12181157 14:00:39.539
0.037331536 -1.7194347 -0.50507987 14:00:39.562
0.09378029 -1.9644809 -0.60232544 14:00:39.566
0.1503978 -2.2093363 -0.717711 14:00:39.576
0.15634036 -2.438951 -0.88170457 14:00:39.599
0.11863265 -2.3147664 -0.8596407 14:00:39.602
0.09666917 -2.0512571 -0.87787175 14:00:39.607
0.07267454 -1.8170896 -0.784163 14:00:39.629
-0.018812329 -1.5282927 -0.8258377 14:00:39.634
-0.13355759 -1.0032043 -0.49225682 14:00:39.638
-0.11249444 -0.69908905 -0.4234012 14:00:39.643
-0.08946502 -0.47088432 -0.30149174 14:00:39.663
-0.045618147 -0.083955765 0.10903293 14:00:39.664
-0.06906438 0.15333748 0.24855864 14:00:39.664
-0.052828968 0.29531002 0.25411916 14:00:39.665
-0.053013027 0.4837923 0.28510237 14:00:39.666
-0.042643815 0.5032053 0.40399718 14:00:39.667
-0.021407753 0.4408512 0.4832561 14:00:39.668
0.029255956 0.30174255 0.4324088 14:00:39.669
0.073082626 0.15738106 0.20311975 14:00:39.673
0.075733215 0.16300869 0.041800976 14:00:39.673
0.03692043 0.26412773 0.071051836 14:00:39.674
0.043647468 0.41187572 0.06528175 14:00:39.675
-0.021580487 0.5126734 0.086040854 14:00:39.676
-0.04635471 0.46326923 0.1506064 14:00:39.676
-0.003389597 0.41359425 0.14922321 14:00:39.677
-0.0020809174 0.39073277 -0.040002465 14:00:39.686
-5.249381E-4 0.40848446 -0.14558887 14:00:39.687
-0.0642055 0.5519161 -0.04989803 14:00:39.688
-0.034647316 0.64979935 -0.07733941 14:00:39.692
0.007837087 0.6655741 0.12888753 14:00:39.702
0.0077138245 0.5856199 0.24157059 14:00:39.719
0.0065757036 0.47852135 0.31269133 14:00:39.727
0.031102002 0.35811996 0.38174617 14:00:39.737
-0.018322706 0.13105106 0.26005518 14:00:39.753
-0.02495405 0.13358212 0.24495125 14:00:39.761
-0.032316446 0.040512085 0.16312253 14:00:39.771
-0.012684554 0.11026573 0.07103038 14:00:39.781
-8.0904365E-4 0.13847733 0.08999956 14:00:39.797
-0.034905374 0.15165806 0.09095061 14:00:39.805
-0.094815135 0.2055912 0.16087663 14:00:39.816
-0.09758431 0.19164562 0.25739205 14:00:39.833
-0.045985132 0.17750645 0.30044568 14:00:39.837
-0.046676934 0.108654976 0.3723762 14:00:39.847
-0.04559073 -0.09651661 0.39079297 14:00:39.857
-0.015266836 -0.2486229 0.38991535 14:00:39.873
-0.027688026 -0.46716976 0.4479581 14:00:39.881
0.09433505 -1.2171068 0.17983222 14:00:39.893
0.10784499 -1.5720568 0.07524872 14:00:39.902
0.09568542 -1.8307214 -0.034070015 14:00:39.926
0.13920878 -1.9925776 -0.12379134 14:00:39.928
0.17429484 -2.1230702 -0.2070365 14:00:39.937
0.31263518 -2.4457998 -0.56889427 14:00:39.964
0.3943564 -2.4956007 -0.7020457 14:00:39.966
0.1851678 -2.4972267 -1.0904351 14:00:39.975
0.18342532 -2.3264885 -1.3309252 14:00:39.984
0.12980859 -2.1410794 -1.2756382 14:00:39.999
0.038630724 -1.8177714 -1.0770369 14:00:40.007
-0.07809737 -1.3153906 -0.85893416 14:00:40.018
-0.06835675 -0.61938 -0.98301005 14:00:40.041
-0.023892224 0.49680424 -0.9687971 14:00:40.045
-0.07409412 1.0530252 -1.0014155 14:00:40.053
-0.081217706 1.525898 -0.86276686 14:00:40.063
-0.06330863 1.8145018 -0.70579755 14:00:40.079
-0.052357078 1.9293709 -0.34546018 14:00:40.088
-0.06691593 2.0033388 -0.011663675 14:00:40.098
-0.028059542 2.0238962 0.37260532 14:00:40.120
-0.0728575 1.9505816 0.7513299 14:00:40.123
-0.106844306 1.8645344 0.867892 14:00:40.128
-0.19894496 1.8192711 0.80749106 14:00:40.138
-0.26760244 1.6551809 0.6517103 14:00:40.164
-0.22804421 1.4677534 0.63988256 14:00:40.171
-0.16336313 1.2105732 0.6199739 14:00:40.176
-0.15628201 1.0200491 0.5501733 14:00:40.182
-0.1922979 0.82837105 0.41599727 14:00:40.207
-0.16366664 0.6628027 0.18994331 14:00:40.210
-0.109837204 0.5232649 -0.0048060417 14:00:40.218
-0.09649062 0.42383575 -0.087729216 14:00:40.239
-0.025825977 0.35897923 -0.14936876 14:00:40.245
-0.049704462 0.297657 -0.26210475 14:00:40.251
-0.017736912 0.2766018 -0.33130574 14:00:40.258
-0.037081987 0.37760258 -0.39775348 14:00:40.277
-0.025861114 0.64136887 -0.4607706 14:00:40.284
0.0022931993 0.700284 -0.39815974 14:00:40.292
-0.021387994 0.67719173 -0.23815322 14:00:40.298
0.055951983 0.5627165 -0.092149496 14:00:40.331
0.12543847 0.41649723 -0.05080962 14:00:40.334
0.16475965 0.27076817 -0.011212349 14:00:40.372
0.07612747 0.10185528 0.028936386 14:00:40.376
-7.1820617E-4 -1.04904175E-4 0.19994497 14:00:40.378
-0.00488773 -0.009915352 0.2447381 14:00:40.380
-0.023135304 -0.22362423 0.28855157 14:00:40.387
-0.041313976 -0.20557499 0.20978713 14:00:40.400
-0.019089997 -0.2692213 0.13187134 14:00:40.410
0.016250014 -0.30569363 0.068951964 14:00:40.420
0.007163167 -0.31067848 0.08424938 14:00:40.434
-0.03730029 -0.2240467 0.1181401 14:00:40.443
-0.067593426 -0.23265648 0.09845841 14:00:40.453
-0.11032647 -0.2411623 0.10712969 14:00:40.463
-0.071115464 -0.3038807 0.1975267 14:00:40.476
-0.07259801 -0.3252468 0.21838045 14:00:40.485
-0.12831041 -0.25044537 0.26274216 14:00:40.495
-0.116023004 -0.14805031 0.23798847 14:00:40.507
-0.14788198 -0.092959404 0.32763898 14:00:40.518
-0.12321964 -0.030970573 0.42631435 14:00:40.528
-0.059633404 -0.010024071 0.4730463 14:00:40.537
-0.06430751 -0.07095909 0.44117582 14:00:40.546
-0.068582505 -0.15925312 0.31725657 14:00:40.559
-0.07188198 -0.22036457 0.27842987 14:00:40.567
-0.034291208 -0.2676344 0.28154612 14:00:40.577
-0.0499413 -0.2599764 0.31123543 14:00:40.587
-0.03778532 -0.25173187 0.4474274 14:00:40.600
-0.011920601 -0.33826637 0.5399245 14:00:40.608
-0.026913553 -0.3835411 0.5492289 14:00:40.617
-0.016388029 -0.41505146 0.49132746 14:00:40.628
9.4357133E-4 -0.46402645 0.51576984 14:00:40.641
0.021997914 -0.617383 0.47167772 14:00:40.649
0.029023036 -0.7976723 0.45401788 14:00:40.660
-0.003643632 -0.8686428 0.3126222 14:00:40.679
-0.008095652 -0.98015213 0.18384388 14:00:40.684
0.041640297 -1.2276726 0.02883783 14:00:40.694
0.020285562 -1.4628649 -0.09864582 14:00:40.705
0.016798526 -1.4914064 -0.23720205 14:00:40.724
0.014690071 -1.5740938 -0.10915269 14:00:40.732
-8.959472E-4 -1.5612011 -0.05458735 14:00:40.742
-0.035688728 -1.6575918 -0.17702205 14:00:40.761
-0.06837645 -1.7533913 -0.29477802 14:00:40.767
-0.04683125 -1.835526 -0.4404387 14:00:40.779
-0.038014144 -1.8902984 -0.42740327 14:00:40.789
-0.04154955 -1.8359742 -0.3395449 14:00:40.801
-0.12015681 -1.5906534 -0.2917025 14:00:40.828
-0.22383411 -1.3587999 -0.25057334 14:00:40.851
-0.24510318 -1.1676769 -0.119498044 14:00:40.856
-0.26445925 -0.84015846 -0.04849042 14:00:40.858
-0.22173773 -0.6748476 -0.07222082 14:00:40.859
-0.17081691 -0.5373306 -0.055130705 14:00:40.865
-0.119797245 -0.34522343 -0.1865352 14:00:40.886
-0.042565793 -0.18028355 -0.11243972 14:00:40.907
-0.025492936 -0.10906601 -0.027055949 14:00:40.922
-0.055712312 -0.052194595 0.09181142 14:00:40.922
-0.086363435 -0.00873661 0.18331885 14:00:40.934
-0.06579745 0.02026558 0.18238968 14:00:40.941
-0.09433046 0.037231445 0.22770286 14:00:40.959
-0.076204926 -0.015548706 0.31195033 14:00:40.968
-0.059744686 -0.02754116 0.32933813 14:00:40.977
-0.032032132 0.028495789 0.2929992 14:00:40.992
0.007314861 0.08443928 0.2714011 14:00:41.000
0.044801146 0.044997215 0.2230159 14:00:41.010
0.14710791 0.020409584 0.116806805 14:00:41.027
0.1578544 0.021828651 0.15199023 14:00:41.035
0.15552829 0.023024559 -0.040926516 14:00:41.045
0.20723161 -0.0032157898 -0.09510881 14:00:41.061
0.24353132 -0.05676651 -0.053528965 14:00:41.069
0.25227457 -0.083073616 -0.039132 14:00:41.078
0.27258933 -0.06746864 -0.037321508 14:00:41.094
0.3355294 -0.025594711 0.0039853454 14:00:41.101
0.45121336 -0.010976791 -0.05019641 14:00:41.111
0.5890236 0.045855522 0.029533327 14:00:41.128
0.64743483 0.019593239 0.043649137 14:00:41.137
0.7861991 0.07487583 0.03229773 14:00:41.146
0.9375165 0.0891552 0.022409976 14:00:41.160
1.1416554 0.21229267 0.013496578 14:00:41.168
1.3163544 0.3626423 0.031912744 14:00:41.178
1.5132568 0.4175167 0.023838758 14:00:41.194
1.426214 0.19900799 -0.041697502 14:00:41.202
1.3920546 -0.006170273 0.00480479 14:00:41.212
1.2641268 -0.12983227 -0.09572518 14:00:41.228
1.1249648 -0.17143536 0.018906951 14:00:41.235
1.0293783 -0.3080387 0.116948664 14:00:41.245
0.94505227 -0.49860477 0.26416546 14:00:41.260
0.8676496 -0.5664463 0.30166733 14:00:41.268
0.6836644 -0.552372 0.36468494 14:00:41.277
0.1779657 -0.4023714 0.15847468 14:00:41.295
-0.16031961 -0.38907146 0.06653482 14:00:41.302
-0.42731184 -0.47167873 0.02148056 14:00:41.312
-0.6983596 -0.51539516 0.06621498 14:00:41.329
-0.9674733 -0.54387 0.094736576 14:00:41.336
-1.2042758 -0.44927883 0.16003627 14:00:41.346
-1.4758195 -0.34111023 0.1481148 14:00:41.364
-1.5150619 -0.25964165 0.006898582 14:00:41.373
-1.5275329 -0.25987148 0.13874406 14:00:41.382
-1.4332285 -0.32832813 0.12264323 14:00:41.403
-1.4096249 -0.39667034 0.15980148 14:00:41.409
-1.3741238 -0.38307285 0.18098027 14:00:41.418
-1.4175571 -0.38295174 0.17491782 14:00:41.429
-1.3616562 -0.36872864 0.2689404 14:00:41.445
-1.2810019 -0.29976654 0.33192456 14:00:41.452
-1.2301776 -0.24397469 0.33428764 14:00:41.462
-1.1952612 -0.18767738 0.31653982 14:00:41.483
-1.1269345 -0.15670204 0.20689607 14:00:41.486
-1.0820243 -0.1546669 0.11850041 14:00:41.496
-1.0374229 -0.13934326 0.033886492 14:00:41.530
-0.9409059 0.012879372 -0.03127724 14:00:41.533
-0.9321195 0.041427612 0.067828774 14:00:41.535
-0.84102285 0.056266785 0.14098698 14:00:41.544
-0.6891086 0.30357933 0.15322715 14:00:41.566
-0.58134043 0.41389942 0.15862435 14:00:41.572
-0.44702548 0.51062393 0.35439384 14:00:41.582
-0.38109884 0.5662489 0.44359994 14:00:41.602
-0.25836107 0.38917446 0.3680061 14:00:41.610
-0.19893536 0.23857784 0.2824028 14:00:41.620
-0.19496003 0.12838745 0.29631388 14:00:41.631
-0.20495501 0.15434074 0.31086206 14:00:41.723
-0.22296083 0.14989948 0.4975034 14:00:41.726
-0.13957974 0.10451317 0.4463545 14:00:41.728
-0.06171426 -0.19991207 0.3584683 14:00:41.730
-0.0068999827 -0.28342915 0.14937568 14:00:41.732
-0.034640014 -0.32604504 0.21229368 14:00:41.741
-0.076270014 -0.25961304 0.12472904 14:00:41.751
-0.03974375 -0.19447708 0.06691879 14:00:41.766
-0.014266431 -0.15484047 0.069452226 14:00:41.776
0.011397243 -0.12892342 0.005864918 14:00:41.786
0.036111772 -0.22565651 -0.043295324 14:00:41.801
0.11353937 -0.32247543 -0.07821685 14:00:41.809
0.104643375 -0.3661089 -0.09488323 14:00:41.821
0.046212375 -0.4491558 -0.14369571 14:00:41.832
0.028250337 -0.49134254 -0.15125495 14:00:41.847
-0.016396642 -0.5880537 -0.21123517 14:00:41.855
-0.032945156 -0.65740013 -0.2037771 14:00:41.865
0.0030672848 -0.9316902 -0.12964624 14:00:41.890
0.109687865 -1.0958633 -0.13012186 14:00:41.895
0.1762 -1.3279448 -0.13374922 14:00:41.913
0.17512667 -1.4100943 -0.15264118 14:00:41.933
0.16390154 -1.4240332 -0.18382432 14:00:41.938
0.26068193 -1.5874214 -0.30617478 14:00:41.942
0.2620684 -1.6007557 -0.35204694 14:00:41.946
0.34892136 -1.4765644 -0.40918183 14:00:41.962
0.43100694 -1.4755735 -0.44289455 14:00:41.973
0.430723 -1.3926458 -0.4124849 14:00:41.984
0.44451973 -1.1307039 -0.29277542 14:00:42.005
0.42785972 -0.92470646 -0.14662457 14:00:42.014
0.397645 -0.77297974 -0.056621492 14:00:42.023
0.38152456 -0.64828396 -0.04948795 14:00:42.047
0.3250159 -0.4255085 -0.13239926 14:00:42.049
0.3251154 -0.2865181 -0.0051989555 14:00:42.055
0.32703346 -0.16123104 -0.16035986 14:00:42.065
0.39715502 -0.022512436 -0.10766107 14:00:42.076
0.3999947 0.020794868 -0.039113045 14:00:42.086
0.42911923 0.09136772 0.08398819 14:00:42.096
0.44315523 0.16216373 0.17749488 14:00:42.111
0.38801065 0.165205 0.21333444 14:00:42.117
0.332192 0.11414528 0.2597415 14:00:42.128
0.2650689 0.093919754 0.17910337 14:00:42.142
0.23753859 0.029278755 0.10640228 14:00:42.152
0.19744033 0.032614708 0.049758315 14:00:42.163
0.17418689 0.120809555 0.07760036 14:00:42.178
0.14698228 0.09656143 0.107326746 14:00:42.187
0.11817154 0.04491234 0.16545641 14:00:42.196
0.087718844 -0.10187912 0.18101752 14:00:42.209
0.108477026 -0.27609348 0.0066542625 14:00:42.217
0.046206385 -0.39571476 -0.11401558 14:00:42.227
0.051229954 -0.47434998 -0.28982365 14:00:42.243
0.033764005 -0.38491344 -0.3238883 14:00:42.254
-0.058612227 -0.2854185 -0.17896545 14:00:42.263
-0.09788349 -0.14465141 0.04533744 14:00:42.284
-0.16797602 -0.080742836 -0.03773582 14:00:42.292
-0.18312865 -0.007736206 -0.12686479 14:00:42.333
-0.16149384 0.17911625 -0.23468685 14:00:42.350
-0.1097717 0.19737816 -0.17003655 14:00:42.352
-0.02355522 0.20764065 0.06430721 14:00:42.353
-0.0018429458 0.26775837 0.09802961 14:00:42.355
0.0056526065 0.3138771 0.09377861 14:00:42.365
0.014233902 0.3185053 0.09379983 14:00:42.383
0.05143316 0.3225851 0.11107612 14:00:42.389
0.008138284 0.46271992 0.11610901 14:00:42.400
-0.020440713 0.56172466 0.06852412 14:00:42.410
0.0044964626 0.5406132 0.06221378 14:00:42.424
-0.18629761 0.46084595 -0.016623378 14:00:42.431
-0.2539968 0.33925247 -0.008726597 14:00:42.441
-0.32 0.17586613 0.031277418 14:00:42.451
-0.38333338 0.011475563 0.035648584 14:00:42.463
-0.4991966 -0.0854826 -0.010972738 14:00:42.472
-0.6130524 -0.114255905 -0.044246674 14:00:42.482
-0.7653598 -0.047450066 -0.05136597 14:00:42.492
-0.9283981 0.04676628 -0.15457773 14:00:42.505
-0.99499744 0.086592674 -0.1492393 14:00:42.513
-1.0514585 -0.024794579 -0.19132054 14:00:42.526
-1.0168194 0.01408577 -0.08546257 14:00:42.535
-0.99513394 -0.08330822 -0.03358853 14:00:42.545
-1.0008177 -0.1527052 7.8737736E-4 14:00:42.553
-1.0593548 -0.1678276 -0.19513631 14:00:42.563
-1.0758985 -0.10118294 -0.15960133 14:00:42.573
-1.2271473 -0.06150818 -0.11167097 14:00:42.589
-1.2824388 -0.03551674 -0.10411894 14:00:42.597
-1.3377022 0.0038938522 -0.027259946 14:00:42.607
-1.3112396 -0.109025955 0.34932923 14:00:42.626
-1.2725106 -0.1927805 0.42958343 14:00:42.633
-1.1516929 -0.19485855 0.38770127 14:00:42.643
-0.9217435 -0.19697762 0.29176748 14:00:42.653
-0.64252853 -0.21586323 0.18751681 14:00:42.666
-0.28835195 -0.1775341 0.0130262375 14:00:42.675
0.022976875 -0.19388294 0.043957114 14:00:42.684
0.3172438 -0.2511816 0.08877087 14:00:42.694
0.4729988 -0.2536745 0.11792028 14:00:42.706
0.5988865 -0.20115948 0.116463184 14:00:42.716
0.613336 -0.12055302 0.13686872 14:00:42.726
0.6670918 -0.18935204 0.059196115 14:00:42.736
0.7407142 -0.30029774 -0.02333939 14:00:42.753
0.8770999 -0.36987495 0.080952644 14:00:42.763
1.0288292 -0.4531536 0.1452347 14:00:42.773
1.3983798 -0.47001266 0.04524386 14:00:42.790
1.39881 -0.47142887 -0.013968945 14:00:42.799
1.667802 -0.4592905 -0.073432565 14:00:42.809
1.7231832 -0.4755087 -0.056896448 14:00:42.830
1.725796 -0.5314417 -0.008792043 14:00:42.834
1.6999129 -0.53257656 -0.030912876 14:00:42.845
1.6581352 -0.5198841 -0.04097998 14:00:42.854
1.6026684 -0.5070572 -0.024538636 14:00:42.870
1.4937065 -0.57560444 -0.02366829 14:00:42.880
1.5199265 -0.5487728 -0.13199985 14:00:42.889
1.409951 -0.43934822 -0.20493495 14:00:42.912
1.3269067 -0.31573582 -0.2404877 14:00:42.920
1.2702503 -0.26069355 -0.24571097 14:00:42.930
1.1314837 -0.21912384 -0.27899492 14:00:42.966
0.9517866 -0.13666916 -0.21687114 14:00:42.967
0.77708334 -0.06694317 -0.14708853 14:00:42.969
0.6533696 0.042484283 -0.082734704 14:00:42.975
0.49090743 0.17887878 -0.098148346 14:00:42.989
0.37050754 0.3694172 -0.08407438 14:00:42.996
0.16344297 0.7491083 -0.12859905 14:00:43.014
0.05957886 0.74732494 -0.10395515 14:00:43.041
0.04555442 0.6204586 0.0048196316 14:00:43.042
-0.01370368 0.5365944 0.12757838 14:00:43.050
-0.08480051 0.46469116 0.4248426 14:00:43.069
-0.11105577 0.44914436 0.39677393 14:00:43.079
-0.1360167 0.40592098 0.35813534 14:00:43.088
-0.17342453 0.2942438 0.37657475 14:00:43.098
-0.19670874 0.18192863 0.29075432 14:00:43.113
-0.21674117 0.09178543 0.24167764 14:00:43.125
-0.21130979 -0.06265926 0.20769668 14:00:43.134
-0.20501113 -0.24430656 0.20164227 14:00:43.146
-0.18534969 -0.39839935 0.11240661 14:00:43.154
-0.16523303 -0.48369312 0.16835678 14:00:43.164
-0.15820518 -0.5820923 0.17997956 14:00:43.174
-0.28348628 -0.7097759 0.23700774 14:00:43.200
-0.31893378 -0.75236225 0.18411458 14:00:43.208
-0.36817047 -0.8086004 0.10448289 14:00:43.217
-0.4574618 -1.1395626 -0.10375786 14:00:43.237
-0.47887233 -1.2779026 -0.21983457 14:00:43.243
-0.44530594 -1.4161367 -0.35006225 14:00:43.252
-0.36724788 -1.5684967 -0.48817623 14:00:43.276
-0.3870305 -1.5825272 -0.4969772 14:00:43.284
-0.3208182 -1.5676298 -0.43981063 14:00:43.295
-0.3144126 -1.5527363 -0.47842902 14:00:43.313
-0.30825758 -1.5101852 -0.49359745 14:00:43.321
-0.30043694 -1.4375162 -0.5073142 14:00:43.333
-0.26913834 -1.2578135 -0.43499672 14:00:43.352
-0.22506595 -1.1593304 -0.40748048 14:00:43.356
-0.20810682 -1.1011648 -0.3702613 14:00:43.366
-0.19137521 -1.0833988 -0.308765 14:00:43.377
-0.18404077 -1.0186243 -0.2935688 14:00:43.396
-0.19054821 -0.9440689 -0.1911186 14:00:43.402
-0.18245785 -0.74602604 -0.05237031 14:00:43.411
-0.1968788 -0.57108974 -0.00700438 14:00:43.443
-0.15679821 -0.43724346 -0.07866907 14:00:43.445
-0.18777002 -0.43000698 -0.02731359 14:00:43.452
-0.17741536 -0.44990826 0.0111807585 14:00:43.481
-0.22315693 -0.32500553 -0.051392674 14:00:43.484
-0.27420527 -0.12571526 -0.015298963 14:00:43.489
-0.22952071 0.033047676 0.061287522 14:00:43.500
-0.1304501 0.18781662 0.10530734 14:00:43.512
-0.11628157 0.21154785 0.19298315 14:00:43.520
-0.09133947 0.1948328 0.18414354 14:00:43.529
-0.057666123 0.13729954 0.12109709 14:00:43.539
-0.12116328 0.11978626 -0.18230033 14:00:43.552
-0.21097133 0.23694038 -0.38224614 14:00:43.561
-0.25976563 0.40732765 -0.39887702 14:00:43.570
-0.26695868 0.6585865 -0.22049129 14:00:43.581
-0.32660562 0.77829456 0.12911654 14:00:43.605
-0.31094497 0.75665474 0.2552619 14:00:43.608
-0.2836999 0.62701035 0.30919766 14:00:43.617
-0.29404432 0.5033035 0.06486368 14:00:43.643
-0.34863684 0.3766594 -0.48013675 14:00:43.652
-0.26934257 0.51502514 -0.57092 14:00:43.661
-0.15346709 0.65607166 -0.25076675 14:00:43.683
-0.17066884 0.7123623 -0.026928902 14:00:43.691
-0.13535342 0.68674564 0.074812174 14:00:43.700
-0.17979687 0.688447 -0.07047844 14:00:43.725
-0.1665264 0.66045475 -0.0012588501 14:00:43.737
-0.20054612 0.5082159 0.170856 14:00:43.762
-0.107595384 0.45256996 0.12068653 14:00:43.767
-0.04379779 0.41060448 0.12452459 14:00:43.777
-0.013117522 0.43252754 0.13086224 14:00:43.793
0.0084680915 0.4137125 -0.025992155 14:00:43.801
0.082902804 0.36692047 -0.01638484 14:00:43.847
0.034954295 0.37467194 0.034126997 14:00:43.855
0.010883555 0.15971947 0.050063133 14:00:43.856
0.03359042 0.018688202 0.015504837 14:00:43.857
-0.009753689 -0.24392414 -0.05018449 14:00:43.862
0.028325036 -0.4249382 -0.0879879 14:00:43.877
0.041074306 -0.561409 -0.1277957 14:00:43.886
0.053962827 -0.68396854 -0.2505616 14:00:43.895
0.07977232 -0.71335316 -0.3095529 14:00:43.913
0.06464931 -0.97701454 -0.41105115 14:00:43.923
0.023008808 -1.0757723 -0.3280102 14:00:43.932
0.04905255 -1.1462812 -0.39922607 14:00:43.942
0.00642626 -1.187787 -0.36931944 14:00:43.958
0.017374173 -1.2822027 -0.42819893 14:00:43.968
-0.002211526 -1.3720512 -0.5483805 14:00:43.979
0.009184435 -1.5863175 -0.7007812 14:00:43.999
0.03372331 -1.7110868 -0.7774005 14:00:44.008
0.033405915 -1.6615491 -0.7185929 14:00:44.017
-0.021085694 -1.629417 -0.7127751 14:00:44.037
-0.019945145 -1.4562416 -0.77763987 14:00:44.046
-0.02059777 -1.2618246 -0.87113035 14:00:44.054
-0.033403456 -1.0815725 -0.8108636 14:00:44.076
-0.045931906 -0.8617401 -0.7171767 14:00:44.080
-0.08665529 -0.8062906 -0.6190233 14:00:44.090
-0.069112554 -0.96524334 -0.34726977 14:00:44.101
0.071968436 -1.0137672 -0.3855896 14:00:44.117
0.04777512 -0.922143 -0.33962846 14:00:44.123
-0.0074821115 -0.71874714 -0.5455797 14:00:44.133
-0.03993401 -0.48602676 -0.5784118 14:00:44.156
-0.1109852 -0.12041187 -0.59637666 14:00:44.159
-0.18555267 0.19995403 -0.4644332 14:00:44.167
-0.2719118 0.46394825 -0.2851622 14:00:44.176
-0.20605877 0.591259 0.087117195 14:00:44.195
-0.13566035 0.5231085 0.1563046 14:00:44.205
-0.08937658 0.49640846 0.18049717 14:00:44.214
-0.08249621 0.61129665 -0.024921417 14:00:44.223
-0.07516313 0.7711668 -0.3061931 14:00:44.240
-0.045560855 1.4481239 -0.3917148 14:00:44.251
-0.023036668 1.7206879 -0.28977132 14:00:44.260
-0.094869554 1.9285822 -0.0690434 14:00:44.275
-0.0986821 1.9503565 0.035660744 14:00:44.283
-0.12902704 1.7231874 0.257648 14:00:44.292
-0.15462655 1.3612814 0.43561316 14:00:44.302
-0.13362995 1.1176977 0.48254538 14:00:44.318
-0.1544191 1.045435 0.36568165 14:00:44.398
-0.18734199 1.0740318 0.22456884 14:00:44.400
-0.14095119 1.2547188 0.07991934 14:00:44.401
0.008133724 1.3676138 0.0043001175 14:00:44.402
0.05458046 1.2080135 -0.030406475 14:00:44.404
0.0812321 0.9167938 -0.033768654 14:00:44.422
0.07644808 0.55325794 -0.028823376 14:00:44.425
0.014043346 0.36958504 -0.111077785 14:00:44.428
-0.027315997 0.35721207 -0.086078644 14:00:44.431
-0.05381333 0.3027773 -0.08565664 14:00:44.433
-0.080999374 0.19319057 -0.09726477 14:00:44.442
-0.0018291622 0.09636879 -0.25672698 14:00:44.452
0.05914054 -0.045053482 -0.3929701 14:00:44.467
0.12407476 -0.13267803 -0.59650826 14:00:44.477
0.1227853 -0.19543934 -0.6853547 14:00:44.486
0.12335448 -0.26021385 -0.59197164 14:00:44.496
0.12739542 -0.22722435 -0.5404973 14:00:44.518
0.13405313 -0.16460419 -0.46535063 14:00:44.523
0.073327616 -0.03589821 -0.36135578 14:00:44.533
0.0704819 0.07943058 -0.28430605 14:00:44.542
0.06952639 0.18104172 -0.20614123 14:00:44.552
0.08601724 0.26340866 -0.119415045 14:00:44.571
0.08836662 0.21756649 0.010001659 14:00:44.580
0.10375387 0.14551353 0.09668183 14:00:44.590
0.11828611 0.14235497 0.11388922 14:00:44.600
0.09186351 0.030964851 0.19441295 14:00:44.619
0.15896022 0.08510971 0.19222021 14:00:44.627
0.14330634 0.12604809 0.29833364 14:00:44.637
0.073193 0.112425804 0.28261352 14:00:44.647
0.083106205 0.05739689 0.2824757 14:00:44.657
0.03778632 -0.012094498 0.14910984 14:00:44.682
0.0045500696 -0.094903946 0.06989765 14:00:44.685
0.0020107925 -0.13497066 0.026787281 14:00:44.691
-0.045988232 -0.1876812 0.049690247 14:00:44.702
-0.06644073 -0.26673603 0.05673194 14:00:44.712
-0.05988854 -0.33125782 0.061348677 14:00:44.723
-0.09072605 -0.48798943 0.01837802 14:00:44.746
-0.08725998 -0.5663433 -0.057183504 14:00:44.755
-0.08547485 -0.5359297 -0.17271757 14:00:44.765
-0.04381594 -0.4926653 -0.3398466 14:00:44.775
-0.111524135 -0.4882679 -0.3851571 14:00:44.806
-0.123339355 -0.43143463 -0.42767406 14:00:44.816
-0.13461766 -0.31459045 -0.4134276 14:00:44.817
-0.105472 -0.16011143 -0.3535874 14:00:44.824
-0.08963573 -0.07305145 -0.32300758 14:00:44.834
-0.113260865 -0.04010582 -0.26596618 14:00:44.844
-0.12168452 -0.034407616 -0.24914932 14:00:44.856
-0.08867782 -0.0015697479 -0.1906097 14:00:44.864
-0.042046666 -0.050606728 -0.1991229 14:00:44.874
-0.03576407 -0.05870819 -0.18013906 14:00:44.885
-0.0027750432 -0.07995129 -0.094557524 14:00:44.896
-0.035237968 -0.08020115 -0.050768614 14:00:44.917
-0.0740304 -0.1271677 0.0019590855 14:00:44.921
-0.08651063 -0.14649868 -0.0013086796 14:00:44.931
-0.046221405 -0.26084423 -0.019609451 14:00:44.943
-0.074415 -0.36145687 -0.06544447 14:00:44.953
-0.09219468 -0.561923 -0.14651418 14:00:44.964
-0.12144071 -0.7296839 -0.1415708 14:00:44.984
0.075113595 -0.76530457 -0.29641807 14:00:44.993
-0.023017287 -0.7690735 -0.27996194 14:00:45.002
-0.08010346 -0.75879 -0.16994166 14:00:45.011
-0.042582095 -0.6529455 -0.088199615 14:00:45.033
-0.116702795 -0.61812687 -0.10224497 14:00:45.041
-0.09008929 -0.4978962 -0.09140265 14:00:45.049
-0.10282686 -0.41849422 -0.14849043 14:00:45.059
-0.073388964 -0.27282238 -0.060406804 14:00:45.079
-0.085298985 -0.28829575 -0.037665486 14:00:45.106
-0.05647877 -0.22192001 -0.042758107 14:00:45.109
-0.041869253 -0.12810516 -0.08971977 14:00:45.112
-0.012015015 -0.10343075 0.10019195 14:00:45.130
-0.050715536 0.0042858124 0.17473519 14:00:45.134
-0.08937773 0.05747795 0.1814245 14:00:45.143
-0.100979745 0.06974983 0.21562803 14:00:45.154
-0.11222386 0.109166145 0.26402462 14:00:45.164
-0.09455189 0.118270874 0.25987506 14:00:45.179
-0.06442511 0.15686512 0.27175248 14:00:45.190
-0.11557022 0.19490337 0.2185098 14:00:45.199
-0.07227406 0.16448021 0.24874806 14:00:45.210
-0.054502428 0.117256165 0.32314146 14:00:45.230
-0.07942402 0.07336807 0.2985494 14:00:45.238
-0.05054024 0.07012367 0.2069937 14:00:45.247
-0.04862857 0.066981316 0.25133932 14:00:45.258
-0.086881906 0.077528 0.24115956 14:00:45.282
-0.055471808 0.09828377 0.29104722 14:00:45.285
-0.09307706 0.09527016 0.32209158 14:00:45.294
-0.076589346 0.09217262 0.40818834 14:00:45.304
-0.019490331 0.015976906 0.22342336 14:00:45.333
-0.060073137 0.0074396133 0.21915185 14:00:45.347
-0.058774173 -0.05115223 0.24421155 14:00:45.349
-0.056644768 -0.15048599 0.26916242 14:00:45.357
-7.583499E-4 -0.26322365 0.27937138 14:00:45.374
-0.040648192 -0.33516598 0.20852554 14:00:45.381
-0.026852638 -0.43403625 0.1903305 14:00:45.390
-0.046655476 -0.5363169 0.20684361 14:00:45.412
-0.051694214 -0.6211481 0.19900095 14:00:45.415
-0.029212385 -0.7605095 0.1646359 14:00:45.424
0.0074504614 -0.89992046 0.10384774 14:00:45.434
0.027845234 -1.0971403 -0.0017697811 14:00:45.452
0.09101713 -1.1818628 -0.13130713 14:00:45.461
0.09998524 -1.211793 -0.22186387 14:00:45.470
0.06644693 -1.118639 -0.19379663 14:00:45.490
0.015340239 -1.0545282 -0.2891609 14:00:45.499
0.010484308 -1.056283 -0.27707058 14:00:45.508
-0.00681895 -1.0438948 -0.22772467 14:00:45.517
0.016939312 -0.94946 -0.23526943 14:00:45.534
7.779002E-4 -0.9499216 -0.24600106 14:00:45.542
-0.0014216602 -0.9499006 -0.24679953 14:00:45.552
0.03601685 -0.9482498 -0.27423447 14:00:45.570
0.035905063 -0.83790684 -0.27129632 14:00:45.574
0.022615403 -0.686326 -0.29823726 14:00:45.583
-0.0036616921 -0.50732994 -0.27170408 14:00:45.593
-0.029031485 -0.38271332 -0.19105124 14:00:45.611
-0.027319998 -0.21725082 -0.13739944 14:00:45.617
-0.026099682 -0.06566429 -0.095466614 14:00:45.628
0.0328542 0.2782259 -0.26848483 14:00:45.652
0.04935667 0.41567898 -0.24938476 14:00:45.655
0.012068808 0.59400654 -0.20289326 14:00:45.661
0.016174346 0.77222633 -0.18268251 14:00:45.670
-0.0202775 0.92324734 0.0280236 14:00:45.695
-0.066006124 1.0340118 0.2494204 14:00:45.697
-0.061844468 1.1299906 0.40960586 14:00:45.705
-0.031058192 1.1032848 0.5158483 14:00:45.716
-0.03899291 1.0080194 0.59863997 14:00:45.733
-0.05026567 1.0622702 0.53280044 14:00:45.743
-0.02109605 1.1158686 0.4986105 14:00:45.754
-0.13928929 1.3051081 0.5508441 14:00:45.773
-0.14819282 1.3167372 0.59353185 14:00:45.778
-0.12746531 1.2284737 0.6838492 14:00:45.789
-0.030037552 1.0748014 0.63146377 14:00:45.798
-0.055458486 0.893569 0.595768 14:00:45.814
-0.014113009 0.75275135 0.49593985 14:00:45.821
0.06607923 0.67952156 0.4143809 14:00:45.831
0.023953408 0.63336945 0.41755235 14:00:45.855
-0.0051178634 0.52644634 0.45281756 14:00:45.856
-0.05992219 0.45243454 0.57821226 14:00:45.865
-0.059779286 0.4056406 0.59870267 14:00:45.874
0.057413816 0.10810089 0.6195926 14:00:45.894
0.119962156 0.062363625 0.53001726 14:00:45.903
0.09880075 -0.078196526 0.50519484 14:00:45.911
0.13860027 -0.19306278 0.6702002 14:00:45.933
0.13375442 -0.5796137 0.88709044 14:00:45.939
0.15869425 -0.92328453 0.8312397 14:00:45.949
0.14307992 -1.3212385 0.6559797 14:00:45.959
0.114865795 -1.6234989 0.49524143 14:00:45.975
0.021706969 -1.8707929 0.38788566 14:00:45.984
-0.069334745 -2.090415 0.17022856 14:00:45.996
-0.0993084 -2.2561293 0.22951482 14:00:46.008
-0.09299341 -2.4338565 0.13655661 14:00:46.021
-0.08770323 -2.4615588 0.19947127 14:00:46.030
-0.098157406 -2.5436497 0.17374894 14:00:46.040
-0.123418406 -2.625988 0.049749464 14:00:46.054
-0.054575816 -2.7352138 -0.19789147 14:00:46.062
-0.05232969 -2.7626777 -0.47786024 14:00:46.072
-0.07418989 -2.7083588 -0.72147864 14:00:46.093
-0.06600326 -2.3271127 -0.7115793 14:00:46.097
-0.056114346 -2.0684261 -0.54255265 14:00:46.106
-0.034859583 -1.728075 -0.46625468 14:00:46.117
0.0037603974 -1.3603411 -0.33671612 14:00:46.133
-0.03940703 -0.96532726 -0.2881286 14:00:46.141
0.012331203 -0.67926884 -0.3034121 14:00:46.152
-0.057758197 -0.5157938 -0.31370497 14:00:46.176
-0.11587109 -0.31141758 -0.3308186 14:00:46.180
-0.14249949 -0.011660576 -0.15077786 14:00:46.183
-0.20669019 0.1520052 -0.029016756 14:00:46.193
-0.25414824 0.26133537 0.1829541 14:00:46.209
-0.21882597 0.3435564 0.43153477 14:00:46.215
-0.18250005 0.48042488 0.6212355 14:00:46.227
-0.13790359 0.5636749 0.6895224 14:00:46.241
-0.15598701 0.5919857 0.7514238 14:00:46.249
-0.11985895 0.5386877 0.63641846 14:00:46.258
-0.09890388 0.5125904 0.23892099 14:00:46.276
-0.033749282 0.5824251 0.048523724 14:00:46.286
0.012891695 0.7192278 0.009696037 14:00:46.312
0.01992084 0.80146885 0.05583924 14:00:46.314
-0.07036179 1.0749712 0.30065343 14:00:46.324
-0.05837822 1.1438456 0.3997121 14:00:46.342
-0.071464986 1.1584082 0.4288879 14:00:46.350
-0.012632787 1.1329517 0.42607796 14:00:46.361
-0.010748833 1.3379078 0.3285903 14:00:46.377
-0.010152608 1.3789749 0.36295867 14:00:46.383
-0.009709924 1.4061012 0.47314972 14:00:46.393
-0.009557724 1.4321861 0.6924993 14:00:46.409
-0.03906092 1.417881 0.80667114 14:00:46.419
-0.06990662 1.3353539 1.0355608 14:00:46.427
-0.036115766 1.1029387 1.0899874 14:00:46.443
-0.03341776 0.84327126 1.0904287 14:00:46.450
-0.03108874 0.6381788 1.0127894 14:00:46.459
-0.0918856 0.41926384 0.91985196 14:00:46.474
-0.09911358 0.255929 0.8450081 14:00:46.484
-0.07797703 0.17481709 0.8198328 14:00:46.492
0.0239622 0.08063316 0.7867521 14:00:46.510
0.029403508 -0.05383873 0.7689512 14:00:46.516
0.07486707 -0.07868004 0.6587421 14:00:46.527
0.03706774 -0.112555504 0.680265 14:00:46.540
0.07722548 -0.13531876 0.58830863 14:00:46.549
0.035668254 -0.12961578 0.68065727 14:00:46.558
0.007103175 -0.7896004 0.48462078 14:00:46.574
0.00792852 -1.0120287 0.47118604 14:00:46.581
0.064680636 -1.2467585 0.43069756 14:00:46.591
0.04592049 -1.3467045 0.42733175 14:00:46.610
0.010844737 -1.2263746 0.2703026 14:00:46.614
0.0023199916 -1.1191769 0.22013545 14:00:46.624
0.033320606 -1.1666832 0.30481768 14:00:46.644
-0.04846078 -1.6605434 0.20633948 14:00:46.652
-0.036988318 -1.9850883 0.2304169 14:00:46.662
0.040064484 -2.3107018 0.23109663 14:00:46.676
0.14146823 -2.5841413 0.1761812 14:00:46.683
0.10546014 -2.7381444 0.2397157 14:00:46.693
0.071689725 -2.7436504 0.13473523 14:00:46.711
0.0069473386 -2.5376773 0.09072554 14:00:46.718
-0.044136703 -2.5500512 0.017335773 14:00:46.728
-0.0106674135 -2.5354 0.06773496 14:00:46.746
-0.005133331 -2.6045213 -0.017172098 14:00:46.755
0.0569959 -2.7031913 -0.18177915 14:00:46.776
0.081006676 -2.6403031 -0.32907295 14:00:46.781
0.08005974 -2.3486137 -0.4227686 14:00:46.788
0.06638956 -1.4881086 -0.36073005 14:00:46.813
0.023961574 -1.1063805 -0.2425276 14:00:46.814
0.048128992 -0.80615807 -0.16684747 14:00:46.822
0.14932041 -0.327116 -0.018806696 14:00:46.844
0.19780795 -0.21621132 0.01399231 14:00:46.851
0.17743303 -0.1735754 0.08218467 14:00:46.861
0.15299977 -0.11502361 -0.027092576 14:00:46.879
0.12217434 0.0783329 0.041540384 14:00:46.887
0.11811219 0.2994194 0.13309973 14:00:46.896
0.0319508 0.87489605 0.67932665 14:00:46.909
0.027596563 0.866168 0.5752672 14:00:46.917
-0.0035369098 1.1177492 0.7085842 14:00:46.927
0.05042115 1.2028322 0.9088727 14:00:46.943
0.04037118 1.1033974 0.8944955 14:00:46.952
0.070905045 0.93677235 0.77762675 14:00:46.961
0.049102843 0.8662815 0.69271284 14:00:46.973
-0.023837864 0.70118046 0.54503626 14:00:46.982
-0.039726287 0.63196754 0.6033231 14:00:46.991
-0.013450354 0.5085411 0.52698636 14:00:47.008
-0.06785166 0.5631552 0.45266983 14:00:47.018
-0.014508635 0.5363569 0.38064933 14:00:47.027
0.010571659 0.4417076 0.32634315 14:00:47.045
0.008044928 0.3063841 0.35852116 14:00:47.053
0.05959685 0.15851688 0.374731 14:00:47.078
0.072837695 -0.03095913 0.37721062 14:00:47.081
0.08662565 -0.1794033 0.27069992 14:00:47.085
0.07478897 -0.3139124 0.10688114 14:00:47.095
0.05652128 -0.2415514 -0.02002272 14:00:47.111
0.0073578656 -0.22537994 -0.09222072 14:00:47.122
-0.016011834 -0.1818161 -0.109745085 14:00:47.130
-0.040801346 -0.19281197 -0.178042 14:00:47.178
-0.053005397 -0.13609886 -0.21122938 14:00:47.182
-0.024794102 -0.20231438 -0.22451052 14:00:47.185
-0.048820496 -0.5399599 -0.24905771 14:00:47.186
-0.05760613 -0.57987404 -0.23235244 14:00:47.194
-0.051797003 -0.6062374 -0.10515821 14:00:47.219
-0.032054514 -0.55054 -0.009291053 14:00:47.224
-0.07999921 -0.4534502 -0.015028298 14:00:47.225
-0.08288437 -0.35343838 -0.06712556 14:00:47.247
-0.07773048 -0.26920033 -0.06684184 14:00:47.250
-0.059029907 -0.28055096 -0.090234995 14:00:47.255
0.10844627 -0.44192028 -0.0023389459 14:00:47.280
0.017374665 -0.42633533 0.073676884 14:00:47.281
0.056994498 -0.45048523 0.07366073 14:00:47.290
0.07821086 -0.4081955 0.10297859 14:00:47.307
0.011677444 -0.25489426 0.07439077 14:00:47.316
0.0033863187 -0.21190357 0.13749361 14:00:47.326
0.021445394 -0.20971394 0.13192809 14:00:47.338
-0.014667749 -0.33003998 0.13985443 14:00:47.346
0.08547932 -0.3551321 0.13555396 14:00:47.356
0.15399083 -0.4061346 -0.09459823 14:00:47.373
0.18948191 -0.4319315 -0.253924 14:00:47.382
0.22584482 -0.3627386 -0.39601654 14:00:47.391
0.2766322 -0.21189308 -0.45533782 14:00:47.406
0.2857173 -0.21089458 -0.4602291 14:00:47.413
0.29331052 -0.07355595 -0.35787612 14:00:47.423
0.30322826 0.03833103 -0.13358665 14:00:47.440
0.25930327 0.03976059 -0.038053274 14:00:47.448
0.17259625 0.014176369 -0.013132215 14:00:47.458
0.07181835 -0.12019062 -0.125839 14:00:47.475
0.06637001 -0.118201256 -0.14416313 14:00:47.482
0.008513898 -0.14336777 -0.14844203 14:00:47.493
0.062389284 -0.23415756 -0.29323483 14:00:47.518
0.13116848 -0.1636858 -0.3111217 14:00:47.521
0.118056655 -0.10641861 -0.26383007 14:00:47.525
0.1577453 -0.06284428 -0.25713015 14:00:47.535
0.14255682 -0.10132027 -0.2206304 14:00:47.558
0.058891356 -0.15368652 -0.18206966 14:00:47.560
0.027841479 -0.1770525 -0.18359911 14:00:47.571
-0.027453572 -0.2024374 -0.16959488 14:00:47.580
-0.09590265 -0.2526846 -0.1307205 14:00:47.601
-0.09415275 -0.2908306 -0.09401965 14:00:47.608
-0.037439197 -0.30140877 -0.07274127 14:00:47.618
0.019115627 -0.39362144 -0.13354385 14:00:47.639
0.02969718 -0.23807621 -0.035176396 14:00:47.646
0.082733184 -0.07184601 0.06933844 14:00:47.655
-0.018136173 -0.028665543 0.080411315 14:00:47.665
-0.026079535 -0.053515434 -0.032028913 14:00:47.682
-0.11525896 0.01677227 -0.21097279 14:00:47.691
-0.19903466 0.034420967 -0.29403794 14:00:47.702
-0.09688246 0.024366379 -0.3476739 14:00:47.721
-0.119784325 0.011891365 -0.30217838 14:00:47.731
-0.10175362 -0.014378548 -0.24193203 14:00:47.740
-0.108872086 0.06927872 -0.09441376 14:00:47.770
-0.1478681 0.02915001 -0.16927195 14:00:47.778
-0.1613462 -0.009696007 -0.18627286 14:00:47.799
-0.14632156 -0.1177063 -0.2076118 14:00:47.802
-0.13135001 -0.19854164 -0.22846961 14:00:47.807
-0.115103126 -0.2385664 -0.24870968 14:00:47.817
-0.110982865 -0.16952133 -0.28282094 14:00:47.836
-0.10655281 -0.10039139 -0.31728387 14:00:47.841
-0.029572576 -0.0979538 -0.21099544 14:00:47.852
0.002122596 -0.11081123 -0.17564881 14:00:47.861
-0.007526681 -0.09646416 -0.15372205 14:00:47.879
0.011013985 -0.082253456 -0.17172682 14:00:47.887
0.0021654963 -0.09534359 -0.16212404 14:00:47.897
-0.041048437 -0.09396076 -0.10345006 14:00:47.917
-0.020100996 -0.09336376 -0.14824307 14:00:47.925
-3.7783384E-4 -0.010380745 -0.15586472 14:00:47.937
0.012225002 0.03092575 -0.1856072 14:00:47.946
0.06507485 0.058579445 -0.16076529 14:00:47.962
0.09058317 0.07218742 -0.13363981 14:00:47.968
0.08687716 0.03131962 -0.0931201 14:00:47.977
0.081375636 -0.02295494 -0.09478593 14:00:48.010
-0.03596349 -0.13115692 -0.18137717 14:00:48.011
-0.025635615 -0.14478302 -0.29061985 14:00:48.016
-0.055468082 -0.15851212 -0.22216916 14:00:48.026
-0.07084462 -0.30884743 -0.2195909 14:00:48.049
-0.097635105 -0.21383286 -0.19055283 14:00:48.053
-0.05650969 -0.1730566 -0.20370018 14:00:48.063
-0.029166415 -0.227252 -0.19159615 14:00:48.079
0.012843788 -0.26834393 -0.19025469 14:00:48.087
0.027308196 -0.28233814 -0.21541798 14:00:48.096
0.056460865 -0.20100307 -0.24040067 14:00:48.120
0.031060234 -0.092580795 -0.23732436 14:00:48.123
0.019181758 -0.13406181 -0.17933297 14:00:48.130
-0.020211399 -0.13457584 -0.17641675 14:00:48.140
-0.046876192 -0.1622448 -0.16043198 14:00:48.171
-0.04642275 -0.18951035 -0.11938977 14:00:48.174
-0.04777752 -0.10758686 -0.1342206 14:00:48.181
0.017738879 -0.066441536 -0.17686796 14:00:48.209
0.08715706 -0.03787422 -0.11702907 14:00:48.212
0.078314714 -0.03758812 -0.1329279 14:00:48.219
0.0687534 -0.037352562 -0.13495207 14:00:48.249
0.061794188 -0.105358124 -0.28673756 14:00:48.255
-0.027510613 -0.16037655 -0.25709498 14:00:48.258
-0.05978433 -0.1473589 -0.18604732 14:00:48.288
-0.054174125 -0.16185665 -0.086429 14:00:48.293
-0.04098662 -0.17566872 -0.058184743 14:00:48.297
2.8228015E-4 -0.10765457 0.02403891 14:00:48.307
0.066985406 -0.1220665 9.967089E-4 14:00:48.329
0.07756171 -0.15015888 -0.04903519 14:00:48.334
0.03287789 -0.13730907 -0.045043588 14:00:48.343
0.041892063 -0.2061739 -0.13645446 14:00:48.366
-0.04920824 -0.33052635 -0.26340973 14:00:48.368
-0.12059733 -0.33114338 -0.15120459 14:00:48.378
-0.12299197 -0.31795597 -0.24426031 14:00:48.387
-0.15182841 -0.34526825 -0.2030673 14:00:48.400
-0.17975387 -0.29066372 -0.19014955 14:00:48.408
-0.15352221 -0.1680088 -0.20420063 14:00:48.418
-0.15495239 -0.16814613 -0.27159858 14:00:48.428
-0.2113364 -0.20927048 -0.297454 14:00:48.440
-0.25476217 -0.20969582 -0.30882335 14:00:48.450
-0.27057433 -0.23752308 -0.34652793 14:00:48.460
-0.30301055 -0.25189495 -0.27443445 14:00:48.480
-0.33003294 -0.2796049 -0.25821066 14:00:48.488
-0.34322438 -0.27939892 -0.2729591 14:00:48.501
-0.3410868 -0.25182915 -0.2338599 14:00:48.508
-0.3526894 -0.16994095 -0.28919291 14:00:48.525
-0.33809447 -0.14236832 -0.16840959 14:00:48.531
-0.27137542 -0.1693821 -0.19695139 14:00:48.541
-0.3403497 -0.16937542 -0.2787354 14:00:48.563
-0.345394 -0.19616032 -0.21329033 14:00:48.567
-0.33140188 -0.19633389 -0.23957014 14:00:48.576
-0.3289187 -0.21018982 -0.21095574 14:00:48.586
-0.2973334 -0.22412872 -0.23630142 14:00:48.602
-0.29909086 -0.18358612 -0.1660223 14:00:48.612
-0.24920598 -0.08848953 -0.123411894 14:00:48.621
-0.21333204 -0.047589302 -0.014266133 14:00:48.644
-0.16476949 -0.1430664 -0.05398619 14:00:48.649
-0.17837065 -0.11682987 -0.06123936 14:00:48.659
-0.13066821 -0.11724758 -0.058477998 14:00:48.669
-0.17247045 -0.10390186 -0.042444825 14:00:48.687
-0.12458113 -0.104314804 -0.025995255 14:00:48.696
-0.07741746 -0.1457138 -0.022484064 14:00:48.707
-0.051374853 -0.07871437 -0.056100607 14:00:48.724
-0.05981897 -0.13389683 -0.13341475 14:00:48.734
-0.027778327 -0.14819336 -0.088285565 14:00:48.744
0.023917124 -0.1628952 -0.05384934 14:00:48.773
0.13647647 -0.14958 0.0027292967 14:00:48.778
0.16712844 -0.081635475 0.0039918423 14:00:48.786
0.14725038 -0.054496765 -0.04912114 14:00:48.804
0.14866376 -0.109404564 -0.114629984 14:00:48.808
0.13527006 -0.13727093 -0.11103284 14:00:48.818
0.13428587 -0.15153503 -0.107467294 14:00:48.828
0.13052812 -0.13840103 -0.09147847 14:00:48.848
0.12716289 -0.13850403 -0.077626705 14:00:48.857
0.21636988 -0.11122322 -0.037651658 14:00:48.865
0.19037637 -0.08335304 0.06646776 14:00:48.885
0.20806642 -0.11022663 -0.018243074 14:00:48.894
0.17036921 -0.15099335 -0.12865782 14:00:48.902
0.14660478 -0.15106392 -0.15632224 14:00:48.924
0.09627156 -0.21947289 -0.059947014 14:00:48.928
0.06413239 -0.24755096 -0.08366072 14:00:48.940
0.002015531 -0.24768639 -0.015243888 14:00:48.949
-0.0038917884 -0.20683002 -0.08364606 14:00:48.963
-0.008959599 -0.27498817 -0.13807309 14:00:48.970
8.9526176E-4 -0.30239296 -0.20542896 14:00:48.980
-0.0019661188 -0.28913403 -0.24436057 14:00:48.991
-0.017730787 -0.26234722 -0.28271627 14:00:49.004
-0.033759512 -0.24916649 -0.26669002 14:00:49.012
-0.0490551 -0.24961758 -0.23692954 14:00:49.022
-0.054001324 -0.25002003 -0.23482406 14:00:49.047
-0.059821986 -0.29108524 -0.16576898 14:00:49.052
-0.06327067 -0.30475807 -0.13835108 14:00:49.062
-0.066098005 -0.31804943 -0.07224798 14:00:49.083
-0.014550623 -0.30401802 -0.061080217 14:00:49.090
0.024487445 -0.31711102 -0.050550222 14:00:49.092
0.07637648 -0.31648922 -0.013320804 14:00:49.102
0.15493923 -0.3155899 -0.0457865 14:00:49.123
0.19171403 -0.23276043 -0.09306157 14:00:49.126
0.22754496 -0.24511528 -0.113967896 14:00:49.136
0.258348 -0.2971239 -0.12807941 14:00:49.147
0.2645997 -0.2822876 -0.09412515 14:00:49.167
0.21691817 -0.26725483 -0.11566985 14:00:49.172
0.22356956 -0.26584053 -0.13717723 14:00:49.181
0.16426776 -0.30517292 -0.14561653 14:00:49.191
0.14685738 -0.24755287 -0.2172916 14:00:49.207
0.09230409 -0.19167805 -0.14314377 14:00:49.215
0.02427454 -0.16300678 -0.06916249 14:00:49.224
0.023290789 -0.1209116 -0.116680026 14:00:49.247
0.01702939 -0.07844162 -0.13890517 14:00:49.250
-0.05734281 -0.09127045 -0.07498801 14:00:49.259
-0.10580673 -0.13133144 -0.106416225 14:00:49.268
-0.22164875 -0.15760708 -0.111444235 14:00:49.288
-0.30668527 -0.19641972 -0.09468293 14:00:49.297
-0.3664548 -0.19557858 -0.09897447 14:00:49.663
-0.4856298 -0.27487564 -0.11138797 14:00:49.665
-0.5271417 -0.2055378 -0.13143575 14:00:49.666
-0.5260077 -0.16372395 -0.16368163 14:00:49.667
-0.5511547 -0.17674828 -0.24856424 14:00:49.669
-0.5345784 -0.18977928 -0.2380898 14:00:49.671
-0.5311136 -0.17534828 -0.14704835 14:00:49.672
-0.64984274 -0.18739033 -0.12805569 14:00:49.673
-0.6704111 -0.17335129 -0.18485415 14:00:49.674
-0.6499021 -0.15946484 -0.2544757 14:00:49.691
-0.6146412 -0.118058205 -0.24379373 14:00:49.692
-0.61837614 -0.07658768 -0.20617616 14:00:49.693
-0.56713194 -0.10322094 -0.18211937 14:00:49.694
-0.5427769 -0.14335251 -0.15861785 14:00:49.695
-0.51817685 -0.19699764 -0.108349204 14:00:49.697
-0.4795029 -0.18272018 -0.12519538 14:00:49.698
-0.44044435 -0.19577885 -0.12785208 14:00:49.700
-0.40157926 -0.18148422 -0.11738825 14:00:49.701
-0.3402176 -0.13864517 -0.14037073 14:00:49.702
-0.23446131 -0.12401962 -0.11777711 14:00:49.703
-0.22383499 -0.13669491 -0.053948164 14:00:49.704
-0.14578176 -0.122421265 -0.056729913 14:00:49.705
-0.041468374 -0.0673399 -0.03199923 14:00:49.707
-0.03247945 -0.0667696 0.03378141 14:00:49.708
0.003613256 -0.052822113 -0.008146882 14:00:49.709
0.039068528 -0.038823128 -0.05034244 14:00:49.710
0.11415297 -0.06549835 0.029054403 14:00:49.711
0.12011245 -0.06473255 0.09379923 14:00:49.712
0.25097972 -0.02249527 0.11486924 14:00:49.713
0.25279626 0.033014297 0.12354922 14:00:49.714
0.28022137 0.060962677 0.10645497 14:00:49.715
0.3475352 -0.0067625046 0.10453248 14:00:49.723
0.3488331 -0.020324707 0.104352474 14:00:49.724
0.32119244 -0.02032566 0.10432553 14:00:49.726
0.347354 0.0067682266 0.10496092 14:00:49.726
0.38902926 0.005586624 0.15171623 14:00:49.727
0.38660583 0.0050792694 0.18127048 14:00:49.728
0.35782552 0.031698227 0.15698564 14:00:49.729
0.36996305 0.0036468506 0.09278393 14:00:49.730
0.3544889 -0.038573265 -0.009557962 14:00:49.731
0.3796398 -0.06772137 -0.08192134 14:00:49.740
0.36382106 -0.08311939 -0.005071044 14:00:49.750
0.38931257 -0.09956646 0.022692442 14:00:49.767
0.292382 -0.114206314 4.9841404E-4 14:00:49.773
0.19642815 -0.07448864 0.006273508 14:00:49.783
0.19471872 -0.075829506 -0.09596193 14:00:49.793
0.19311947 -0.07701206 -0.076403975 14:00:49.806
0.19073534 -0.06417179 -0.12704861 14:00:49.814
0.091864884 -0.14606667 -0.11279166 14:00:49.824
0.034879692 -0.14713383 -0.08021963 14:00:49.834
-0.021441922 -0.16213417 -0.07321 14:00:49.846
-0.07724857 -0.10918331 -0.14707732 14:00:49.857
-0.15804552 -0.08370781 -0.056072474 14:00:49.866
-0.15422289 -0.0877018 0.074193835 14:00:49.887
-0.12386362 -0.13070011 -0.036801696 14:00:49.889
-0.1202067 -0.29632664 -0.18829775 14:00:49.899
0.0051817 -0.38021755 -0.16277242 14:00:49.909
0.09143852 -0.39846992 -0.16441739 14:00:49.924
0.10535331 -0.6734905 -0.2180903 14:00:49.934
0.108048245 -0.7170048 -0.121397495 14:00:49.942
0.07052014 -0.66619587 -0.35924995 14:00:49.952
-0.031215608 -0.84729195 -0.4990741 14:00:49.965
-0.019494474 -0.8514986 -0.47359538 14:00:49.973
-0.059211135 -0.69193554 -0.3538592 14:00:49.983
-0.14115253 -0.44924068 -0.17413783 14:00:49.993
-0.14440814 -0.25957394 0.010339618 14:00:50.011
-0.0012256205 -0.45027542 0.17481315 14:00:50.019
0.08323233 -0.5724821 0.20016408 14:00:50.029
0.08287576 -0.7896147 0.113630176 14:00:50.055
0.18946408 -0.82974434 0.02722609 14:00:50.058
0.1172305 -0.6796446 -0.26099133 14:00:50.070
-0.07791735 -0.4198656 -0.34919298 14:00:50.106
-0.069969356 -0.18684578 -0.38586605 14:00:50.145
-0.12470664 -0.060061455 -0.38484526 14:00:50.152
